5 0.6980463580758434 0.17592439631030982 0.1350068004748536 0.18809686068413445
5 0.6350833568222021 0.18428338296443697 0.12255226458147632 0.18915002471457934
5 0.5355487065847753 0.08892977920038468 0.08984741316955044 0.13787668479069154
5 0.10047868778015681 0.23507001977166347 0.09596102084968253 0.1334438527754691
5 0.043916450712280536 0.275683090912471 0.07692151583511761 0.17636618182494201
5 0.7623220875553652 0.6685867401885304 0.22233696740532807 0.29309737847863176
5 0.6306111539983505 0.08421971596824257 0.0737223079967011 0.12005251482874761
5 0.23985943652651556 0.25167388243296435 0.11267715940862688 0.17158052273741298
5 0.3290713860516619 0.072713235702725 0.04842077962517113 0.055035009885831744
1 0.5941150275136001 0.2512825405690912 0.05016513605166182 0.061348676882026075
5 0.0736768438900784 0.11849001482874762 0.04525031551854848 0.05334517589344299
5 0.13956025666391758 0.10322711216700924 0.0515003155185485 0.053599843878220546
1 0.06894519444407438 0.3313255958553869 0.05150031551854848 0.053599843878220456
5 0.4500825680258309 0.047991761405887554 0.027517246239076344 0.03389483893530465
4 0.2859077224198929 0.2519895588206989 0.025772889812585565 0.02758117193911023