5 0.7195125655831476 0.7951543747191162 0.05268898801421233 0.11339411465389251
5 0.5077904935568803 0.7914472778167625 0.039943326548823065 0.10805151741285464
5 0.8730436793325291 0.7645141270939654 0.048090019221876903 0.08510534034363318
5 0.3448268260985972 0.7493460662605161 0.033945632066747056 0.08280585594746537
5 0.7764519623492159 0.7493195742895749 0.07002033016686778 0.20623671189493073
5 0.7058384899388357 0.8776769476498949 0.03936347241038014 0.1267196302577247
5 0.833143454885984 0.514954540368377 0.013967324739800802 0.058385710085908295
5 0.8097502204898163 0.5302044041177584 0.016928550429541646 0.0554244843961678
5 0.2892805902320914 0.590203439620836 0.014786196291098364 0.07401071008590829
5 0.8965387330414305 0.8365186018791947 0.050942781546348924 0.19900406603337367
5 0.8198367921773994 0.768860790368377 0.04504026232447202 0.1161096788782439
1 0.7680562861845055 0.7162580907979184 0.027122421980838852 0.07154080732694616
5 0.796859637609415 0.8059037669626287 0.03681168249628843 0.1374933559474652
5 0.3772619470840678 0.5318343396662646 0.0060795816372058555 0.02680816146538927