5 0.6914378001270569 0.12138884131972287 0.07072129465362345 0.0886454886359143
5 0.745488263295354 0.13137176745646095 0.05602175782192056 0.07746252678536125
5 0.7681144212160966 0.1582927776027307 0.047663226251889415 0.06795115909060953
5 0.8688578738610498 0.17058249757095859 0.0675962946536238 0.08859094155801364
5 0.8979993422910189 0.17943930033090214 0.036088689420186525 0.056822744317957155
5 0.9059483501835267 0.17695918263615046 0.06456229991529554 0.09009889448011292
5 0.5783532421780795 0.06638946997152319 0.06475972099021768 0.06668866801906326
5 0.9345360817676752 0.18192337216556914 0.042232273606936134 0.08190456493480816
5 0.3469667342855717 0.0727697037361735 0.041140210466874015 0.06315456493480816
1 0.9271400816970881 0.1079091737076967 0.11237817363517096 0.0534716477265238
5 0.4467539026590708 0.02531977962803029 0.07836719468185845 0.05063955925606058
5 0.29929507373399306 0.04706632021310921 0.044462631541796235 0.03979888555165918
4 0.3307039684299689 0.006606735796540491 0.029217063140062206 0.013213471593080983
4 0.7039979842855717 0.06653770008602082 0.043825594710093264 0.02886138555165918