1 0.4405175316578904 0.861488148540872 0.11156602103089916 0.1349057680561671
5 0.4139483876053557 0.8822272013586115 0.18941878335537102 0.23554559728277696
5 0.500318577564876 0.7972917284852716 0.09182008706427283 0.17476687622353532
5 0.4559511018751355 0.7988616629688423 0.07094102103089917 0.13348711179556502
5 0.5328035289443569 0.7921875662342195 0.06896244120271575 0.1552529843909035
5 0.585433883987311 0.7994842002623033 0.09782442559888338 0.17029763103285872
5 0.9776081801214392 0.6549406036124987 0.04478363975712156 0.09215278366526398
5 0.305787327564876 0.7904985475450801 0.03846935775648763 0.07932540145127902
5 0.6165643752808838 0.7834152561600858 0.07545810266810485 0.1601587392002269
5 0.24640568351234124 0.8180580631541765 0.06017393939369331 0.10659722958157972
5 0.32984230325461644 0.7882192849312083 0.046609406377006654 0.08584821996293304
5 0.4705491904097462 0.7946925181409854 0.0654280054270668 0.1473313569862416
1 0.43535531885844864 0.7778671166897067 0.028855340343633174 0.04467758293962447
4 0.5929221573930594 0.778690550625123 0.028282130257724702 0.03374008293962447
5 0.4152884803238379 0.7818452885594054 0.056148180687266167 0.08930060217691818
4 0.25878285277964663 0.8161508227728234 0.017017081637205854 0.027108137023308387
5 0.9278183785602441 0.666393969584415 0.04512879353213606 0.08735615626060227
4 0.43901258536679205 0.7881324940943684 0.03452548620519007 0.06359127404661713
4 0.8215650565339768 0.6775001059747513 0.011510710085908472 0.011319445916316085
5 0.5484219691310198 0.7543526833024442 0.9031560617379604 0.49129463339511154