5 0.8759551206865753 0.7583657375683484 0.2480897586268494 0.42533155832640723
5 0.19819465153227975 0.7503289693539216 0.2438142460647276 0.41191104547482593
5 0.8144370105667871 0.7228685893552342 0.23000311834078674 0.39265170950527095
5 0.09581306068300269 0.6307114891255851 0.12279191585911228 0.28545202174882983
5 0.9806756536644041 0.4409779663138099 0.03864869267119175 0.09996550790866543
5 0.7275982922456707 0.6574611066554397 0.10005426634364482 0.1162563527754692
5 0.32052920139639374 0.5502586906850095 0.09224176634364492 0.11593801779449713
5 0.3900715230520343 0.5027669253619703 0.06541718639013112 0.06654551285158128
5 0.09475257727874915 0.8172219920913346 0.09095205397461333 0.23118101581733086
1 0.3479214999231254 0.74031068771926 0.22376382601824146 0.4593935405319101
5 0.5238180923618863 0.5443257311797386 0.7765924391632482 0.9010344842570314
5 0.208968988523159 0.523465380418617 0.01715464901126431 0.02251166996194378
5 0.14425591452172998 0.6624270627378506 0.18856973516896436 0.3348737015966055