5 0.33646636024287846 0.5819081136342665 0.07151423111680746 0.14330571509696383
5 0.4346648428300239 0.5492786201270884 0.08055503844375381 0.16687958279171564
5 0.5391852464934971 0.562811060467286 0.09354636137453234 0.1764727711033185
5 0.5672416474434367 0.5024190312462927 0.06791119629109836 0.07455571509696383
5 0.7121690451140161 0.5720747865212986 0.10753361827193722 0.14549550649282175
5 0.7028991864530173 0.4696628526739227 0.06461577792830404 0.10103639448011278
5 0.7721371873575285 0.49506800161826253 0.08302494120271575 0.1544341298696164
5 0.8558980336940554 0.4848220227215808 0.08441702283992143 0.1809966298696164
5 0.8698819685651931 0.4686748713416091 0.0655917797373263 0.1494466209411625
1 0.7917945901164904 0.4829225576246169 0.05927318068726617 0.08845457386326191
4 0.8590672992978876 0.4708277065689567 0.05014384215265544 0.09297843262955982
1 0.8587806942549335 0.46535895656895676 0.048008132066747325 0.08201365909060954
5 0.6642804217536963 0.5072349906612139 0.09724457146044045 0.18746481818121907
6 0.5682619148562912 0.5367803944768176 0.07004690637700647 0.0855204886359143
6 0.4574372795101838 0.581678062902918 0.03855788896415202 0.05062729139585791
6 0.42836725519992436 0.5780485024323367 0.017344630257724702 0.033085235389503434
5 0.5286328488229177 0.49550082954200947 0.03715916327441153 0.05372501785690744