1 0.8073349452473246 0.30952450992930663 0.04613212523071262 0.08782963978475226
1 0.5628036952473245 0.32091373594137335 0.03451470234403846 0.02809076674922295
5 0.692921991823552 0.30936830624803424 0.12479495064599533 0.24571922249741007
5 0.9443459870431902 0.20989688337912069 0.01127746144333699 0.030124147642635178
5 0.4454357225452205 0.3357832187778656 0.1269000663159842 0.1570205955329392
5 0.0778989666851244 0.2862970649299774 0.09981593460686648 0.196262877997928
5 0.6313243553340724 0.2652223540145039 0.12241043028792972 0.2814383986760925
5 0.19275320866555992 0.25665660670059104 0.07818316162790721 0.10178513192686944
5 0.27988177128091624 0.29569552791687476 0.10596580505721712 0.19499147642635145
5 0.1969121776670362 0.14483731100103597 0.21882435533407238 0.28967462200207195
5 0.3531993553340723 0.2781762340793465 0.1037419710040611 0.2089084272121397
5 0.29229333127537893 0.2081398699351574 0.06636308451458142 0.1604323858558109
5 0.5307748403746776 0.20016674235151416 0.014903109191583752 0.038082196856846905
1 0.21690090992986422 0.30333039950466195 0.053965609191583754 0.03990156203449331
5 0.14625774290328616 0.31367289412797844 0.10682739820967191 0.1841267510334573
5 0.7466279827242535 0.30373258230288214 0.09180317550756775 0.19277400496239877