5 0.9480966714076378 0.322172818862508 0.07769787155854928 0.18493492198083886
5 0.825457667453305 0.3473100169626286 0.061690869581383014 0.1747410504295413
5 0.77284200342286 0.33759418023704024 0.06204369665368965 0.14513543758467104
5 0.2529632435370283 0.4116147721625529 0.03226335475263546 0.1030364687923356
5 0.6266699989742358 0.3663034356641071 0.05110619665368965 0.14456222749876274
5 0.5908598329666246 0.36506184023209143 0.04759919467652338 0.13502345318850323
5 0.546536830000875 0.38141718057572443 0.04960736364988403 0.14604284034363307
5 0.4830327455141946 0.39020236035847944 0.056910527680328823 0.1339522761192818
5 0.4470315785180003 0.3936482649264637 0.04421952669174569 0.12860967887824382
5 0.6698615834609162 0.35858278889803896 0.05617569863085592 0.1541828889641521
5 0.4087503285180002 0.39565450022714266 0.050087524714579244 0.11956222749876284
5 0.7166092494685273 0.3592511742441464 0.06586903361182798 0.16248671189493055
1 0.5277271160841609 0.21167456863536538 0.06842634783255316 0.07218926051544958
1 0.040969920913346045 0.37205206241532895 0.036701503954332707 0.020633404567984216
4 0.8134099480993834 0.20293921924662078 0.05155718281352506 0.07910100180902227
5 0.3097716590503479 0.41409464100031707 0.0439011917107738 0.12079717887824373
4 0.8719718646012862 0.20064970092925508 0.026464340912470873 0.03724769448207601