1 0.37578125 0.65625 0.05625 0.121875
5 0.7703125 0.59609375 0.43125 0.7703125
5 0.5828125 0.534375 0.096875 0.23828125
5 0.1390625 0.25234375 0.125 0.09375
5 0.40234375 0.4140625 0.15625 0.2359375
5 0.346875 0.3875 0.1125 0.17890625
5 0.16640625 0.503125 0.140625 0.2359375
5 0.19609375 0.378125 0.171875 0.190625
5 0.45078125 0.68828125 0.2015625 0.26640625
5 0.08828125 0.56171875 0.1734375 0.19296875
5 0.2421875 0.678125 0.1734375 0.15859375
5 0.52265625 0.46796875 0.1109375 0.240625
1 0.059375 0.56171875 0.109375 0.12421875
1 0.46015625 0.340625 0.046875 0.07578125
1 0.528125 0.37734375 0.046875 0.0828125
1 0.34609375 0.32890625 0.046875 0.0734375