5 0.2948714360677696 0.507629609725196 0.0547795013526355 0.1437332796251713
5 0.40025837006681514 0.5036671869222269 0.05973972135581711 0.1673071719450391
5 0.4895021360598154 0.4547188730530312 0.07076812802354446 0.17543792069139813
5 0.5423549633990878 0.49999192062489095 0.06019316000954493 0.07204013605166182
5 0.643353294716725 0.38734481960867656 0.09226132001909004 0.14326191818411554
5 0.6803907653962245 0.4829217440609982 0.05268974267981754 0.09837531551854858
5 0.7337333940563155 0.43605275573948077 0.06270108935390831 0.15333560015828454
5 0.8155010147199067 0.4157833713371716 0.06146585335772627 0.18141513605166182
5 0.8351413527211793 0.425726672669955 0.04860222668681722 0.14980142319868045
1 0.7572163473901792 0.4406409673388209 0.04941929201145392 0.08578438730530316
4 0.8250214653882703 0.4285561559769076 0.04011701734563573 0.09176160266556703
1 0.8266294187221337 0.4325078700835303 0.038427248010818 0.08077863855894432
5 0.6293822487269063 0.4619129105957612 0.07558289735836254 0.1865118130112659
6 0.527147586728179 0.4683100116119755 0.06030224801081765 0.08141513605166181
6 0.4052816773949517 0.46554506129540635 0.033357940006363405 0.04782974623907634
6 0.38122655939686073 0.47890286764275486 0.01288180800445433 0.03317621285298138
5 0.5097879114019513 0.5201309243858147 0.031849984006999676 0.052471782132453626