5 0.7001189848542395 0.42468033752345724 0.2250149352013608 0.41541071032569954
5 0.8843005226958548 0.4864614587536712 0.20979172848527164 0.4706596524473092
5 0.4974007234214941 0.49184326364828984 0.26764392322046116 0.564469836605824
5 0.5876263862207003 0.7212661821629633 0.06475695916315996 0.1129242052052021
1 0.6774453104526519 0.8953568585701447 0.030887901451278843 0.03610409997176518
1 0.6636928344992691 0.8649714085560272 0.022113102176918177 0.052745568401734035
5 0.6512746800527653 0.8633557006494019 0.06842759618646851 0.12873121572854593
5 0.4185862426587878 0.47148453199355417 0.3000397609694092 0.5991024418392609
5 0.5649056819516819 0.5011657847655644 0.119995074586922 0.2658363735787013
5 0.5519344228811892 0.7163280531814159 0.06346727767481433 0.12064569994353036
5 0.6845956115411111 0.8692115875234572 0.07171628729346118 0.1336007262518894