1 0.4438976400381801 0.2863771360598154 0.033012494668999894 0.01756930800445433
1 0.5428436700349983 0.26409415073995113 0.014189769334818081 0.011101132001908987
5 0.19966692938413405 0.37649141669318065 0.042769302673454225 0.05049089600572696
5 0.2831334100493159 0.3665266180378619 0.03166817067154524 0.03630112667090888
5 0.34278967337681615 0.32425784937936153 0.048946577339272504 0.04431362133990877
5 0.40205558537554353 0.31557374005408845 0.03323067067154515 0.036319308004454334
5 0.4737760440404072 0.3031288313971789 0.045839758672817865 0.045839758672817865
5 0.6050078627068618 0.3030935634149962 0.06640679734245403 0.06795111600890866
5 0.6726493487030438 0.2757594514242231 0.06667951734563574 0.09138861600890866
5 0.9062789140276806 0.2144241514560398 0.04578521467218159 0.04115225867281787
5 0.57466638204168 0.31367652741086005 0.04118862133990877 0.048910214672181596
5 0.8385101586966804 0.23082076344681296 0.05376134667409076 0.05530566534054513
5 0.8855124280314985 0.2423037034531763 0.042769302673454135 0.05049089600572696
5 0.8280453733688621 0.2713184941119948 0.031649989337999784 0.03473862667090888
1 0.6213504780394528 0.29781571741722346 0.03797271467218159 0.04106135200509069
5 0.8677982167011347 0.26396961811740366 0.026944308004454597 0.03312158267027261