5 0.24547708829873818 0.545268040992116 0.45313384780474164 0.7120240819776414
5 0.3648842138154668 0.49556627557084043 0.12860449710451594 0.11309210957707698
5 0.699323372211469 0.6224331440796664 0.3480482415184355 0.7351694813290184
5 0.5851795971900783 0.4753280933483177 0.12017556699689216 0.1332409683433749
5 0.48710597022560764 0.4692338263021892 0.0702440334984459 0.06679776217486459
5 0.47084742349259534 0.4328287220001181 0.1429966368892682 0.15393529788867966
5 0.5597879530620998 0.35009231412732456 0.11904971463952715 0.14258869480442443
5 0.6295910308123588 0.3598025048745592 0.08187504631872748 0.11539890340856669
5 0.6318213107961481 0.4292382974882331 0.10847608767505648 0.15021028003177223
5 0.6618706455757206 0.16954965179030415 0.1437672324222074 0.2710409772718286
4 0.5461172129868974 0.19108550690315415 0.033142139784752445 0.041170470779006776
4 0.6893770614153207 0.18233997808919802 0.028672963606069857 0.04577615016215582
4 0.579790083955512 0.37316162135149494 0.02115156203449331 0.0518897824674041
4 0.15196060628630628 0.02388178490303606 0.052328787427387446 0.04776356980607212
5 0.05382270512901447 0.39330394074723474 0.10764541025802894 0.11279210064862308
5 0.6867078639393014 0.44077008685549596 0.07649834160399785 0.13403980925276535
5 0.6991929013666888 0.3905928088523188 0.07511562406898661 0.10435230925276526
1 0.8089468527716497 0.14590582589844736 0.050877603390821945 0.08675570616851021
5 0.5 0.31169147646104967 1 0.6233829529220993