5 0.70859375 0.5828125 0.2953125 0.64921875
5 0.60390625 0.51484375 0.10625 0.08984375
5 0.2484375 0.58984375 0.175 0.7171875
5 0.3953125 0.4578125 0.09140625 0.1140625
5 0.4921875 0.46875 0.05625 0.05546875
5 0.51640625 0.4359375 0.11171875 0.1296875
5 0.44921875 0.34296875 0.08828125 0.12421875
5 0.3796875 0.3390625 0.05625 0.10390625
5 0.3609375 0.40546875 0.075 0.13359375
5 0.39296875 0.15234375 0.08203125 0.25390625
4 0.49921875 0.1921875 0.0234375 0.0359375
4 0.36171875 0.16015625 0.01953125 0.04140625
4 0.425 0.3609375 0.009375 0.05
4 0.92265625 0.09140625 0.0390625 0.0578125
5 0.93203125 0.47109375 0.0875 0.09375
5 0.3046875 0.4078125 0.04609375 0.1234375
5 0.3046875 0.35703125 0.05234375 0.09296875
1 0.2546875 0.1046875 0.03203125 0.08046875
5 0.5078125 0.26171875 0.98125 0.52265625