1 0.11309838569283792 0.7943297933370249 0.13157705397461333 0.23553458667404978
4 0.10787565413016979 0.7418859137873757 0.11310056956195358 0.1270211798265045
4 0.12743939114071956 0.8325807649593948 0.15064412822814394 0.17453652991878954
5 0.8407213690970915 0.655853699870803 0.21992899581262612 0.34230382325581454
5 0.7107278664992014 0.6654115677002601 0.2719613893760087 0.33008322794389144
5 0.12811320038798754 0.2749778184754525 0.14038360744502354 0.3169848457733484
5 0.22647964457178885 0.29139216532853507 0.05368201089576328 0.07810401603912895
5 0.2681044158591123 0.29717059839424204 0.04943155347041017 0.08405362739018099
5 0.05424972946898117 0.21969073874123302 0.06759096362953934 0.2547666455887783
5 0.056964820066156684 0.26964067396640834 0.043542186390131146 0.0665657387412331
5 0.46667259185768317 0.44522377390180995 0.06989687278026224 0.13203005243632351
5 0.947726577859827 0.5471574251938008 0.10454684428034611 0.13024630937615383
5 0.4303526796048672 0.43745204425987555 0.06088250569998319 0.11434190468807692
5 0.9621193547210826 0.8046590445644174 0.07576129055783483 0.33357156847545255
5 0.8858703421097849 0.5451956045588799 0.05655563861970414 0.09695414558877821
5 0.5458627011442923 0.5210736775101527 0.10722191015912905 0.17642040252860855