5 0.7020977708830521 0.43393031459411163 0.12840340570540576 0.3782279515702104
5 0.922208947890304 0.4548124305875138 0.15558210421939195 0.42981919530200424
5 0.5334633949520388 0.5320087987589941 0.1338272679875681 0.5281824874635876
5 0.692560220840271 0.7316858529947714 0.03903257485477489 0.10100021034569906
1 0.8344481219975627 0.8801497482176334 0.023184942927905183 0.028761497492717326
1 0.812153590980316 0.8537547327782271 0.010141287427387624 0.05022732053311359
5 0.799726365587422 0.8549535199252457 0.03670809553293939 0.11809678213245363
5 0.4520314584342742 0.5257384152146146 0.15999166170126172 0.5539099131695504
5 0.5996513211307212 0.529253523290458 0.055393937136937056 0.251272994985435
5 0.6575131327509298 0.733006660595761 0.036344222497410074 0.11028428213245363
5 0.8332109536767632 0.8535872482176334 0.040051419354256976 0.12287521034569907