5 0.5289859048663837 0.40250259356087403 0.2281668575113372 0.4090807979675713
5 0.47089559990117796 0.09755264109948031 0.06835369980235591 0.19510528219896062
5 0.2566965920086702 0.09426551088705967 0.05075740514873246 0.1215854949854351
5 0.39751130780780314 0.07999475923770703 0.03642188936371689 0.11648881802583093
5 0.3679680209761002 0.06989834521022664 0.05473227360693613 0.08270485141192578
5 0.8134974127588915 0.396571876155546 0.2246176523061351 0.34814329796757126
5 0.5807788341161624 0.0913761916075875 0.08343266823232476 0.182752383215175
5 0.3323490393919517 0.07641276966254831 0.03928928413027988 0.08537521034569898
1 0.7311839836502871 0.5687855084462843 0.10134966837349921 0.05286423871722903
4 0.4412767183593818 0.05211380014564929 0.04481124203690499 0.07305706677218973
5 0.6983758577936857 0.08610940076615226 0.025970236775233246 0.07094899749271755