5 0.403125 0.89609375 0.04765625 0.0765625
5 0.34921875 0.8984375 0.03515625 0.06875
5 0.31875 0.878125 0.02890625 0.0609375
5 0.21875 0.8890625 0.04375 0.078125
5 0.18828125 0.88671875 0.02109375 0.0515625
5 0.18125 0.89140625 0.03984375 0.0796875
5 0.528125 0.92265625 0.04765625 0.0546875
5 0.15234375 0.89296875 0.01875 0.078125
5 0.74765625 0.865625 0.02265625 0.0578125
1 0.18125 0.9609375 0.10390625 0.0265625
5 0.66796875 0.9390625 0.06484375 0.0484375
4 0.04140625 0.875 0.01875 0.0234375
5 0.80078125 0.87890625 0.03515625 0.03125
4 0.78359375 0.9265625 0.025 0.0125
4 0.40703125 0.95078125 0.0375 0.01875