4 0.35251271428288977 0.39238783717052134 0.08784664772652384 0.1143802893919517
5 0.17772694845457715 0.4596571791086044 0.1053807954530476 0.22466534200867017
5 0.3649990775134146 0.39087854507714653 0.18892968100470675 0.2716761208772782
5 0.8743367159044475 0.6278900955571393 0.07534664772652348 0.1136522472985769
5 0.5072780807598255 0.4326425688958443 0.138547851459402 0.246888952503779
5 0.6005059293798537 0.4420715058263692 0.15381829545304768 0.22748650512049745
5 0.6300957922033413 0.6139619163779477 0.08575804220663663 0.17357327886860804
5 0.7640577349791711 0.6272747165050048 0.09039099512873605 0.17072129465362346
5 0.7295833234529295 0.6683848348926212 0.04511367694751698 0.08067314732681172
5 0.8386310409855255 0.6432644665755918 0.06994212743398406 0.1617257262518894
5 0.5898781209378673 0.505254045288908 0.20257516964062106 0.338029162970653
5 0.13103100080748362 0.6070550948512676 0.058131874187573464 0.11108868942018653
4 0.7573264939076247 0.644871740182528 0.038836403408566686 0.07874662628012441
5 0.21034853368192477 0.44680856861349555 0.07320349512873606 0.16972023677523324
5 0.07457644926535606 0.5986125342714542 0.039935253246410875 0.052275131541796326
1 0.5877837869283355 0.4748763005505799 0.060493215096963836 0.06752069994353035
1 0.4941974281620377 0.4897116162508908 0.07205800649282175 0.10409523677523325
1 0.4606151351413268 0.6715377399001794 0.022284103084255057 0.024711573663405772