5 0.10986269642902766 0.14819314668204475 0.17402460714194468 0.29569540268936256
4 0.5224587349949299 0.8159169960216353 0.4539679867009726 0.3681660079567294
4 0.5235491095199646 0.8070901727402694 0.3643209924005557 0.2166817067154522
6 0.24357981373586773 0.34589594470081664 0.31519773385118094 0.4551078600413617
1 0.5640241727776736 0.10893448341022374 0.21570165444465292 0.20714198002863501
1 0.39521439570784694 0.37813737472149744 0.14270056553881966 0.22503745735199915
6 0.5548946009705898 0.5683276647437692 0.37867704597152796 0.36368397605027025
6 0.309173018617361 0.11300217604231624 0.15141964247680573 0.12985222668681726
6 0.4313908978920484 0.2339879327259518 0.1420810100679862 0.1313056386855446
6 0.5539737594993053 0.27214300807604197 0.3916822729857639 0.18419647071927034
6 0.4580287459159374 0.09676065272913349 0.18081750816812522 0.18486699069063525