5 0.9548855738352897 0.2603093634627213 0.09022885232942066 0.3651533800127266
4 0.4121568362713032 0.7993192946769541 0.458626886023476 0.4013614106460919
4 0.4174684560135784 0.7700157920512248 0.3656603787873868 0.21350216271481592
6 0.8121170561952926 0.43419066410722235 0.3232559520568493 0.44724081604072535
1 0.5748948586609988 0.10897084607731462 0.21853971732199753 0.20710561736154415
1 0.6588316039113004 0.41444923408654144 0.14592108887329508 0.22187609468490824
6 0.4545269634768102 0.5385572540579064 0.38265088421445376 0.3589237507160886
6 0.8129924021931352 0.19762645544235863 0.15194535956551009 0.1282533640197264
6 0.6637160984842334 0.26928218475490506 0.14421474672063966 0.12972495735199913
6 0.5378120177515389 0.26547483740449673 0.3905032485296619 0.18099874538508853
6 0.6787158994796016 0.12345206409131397 0.1839190558566081 0.20201812802354438