5 0.4491169908446893 0.5371211874556545 0.18991075970346483 0.33853630093507636
5 0.7299949686121707 0.5237707180008631 0.16765381378714891 0.3274715359079618
5 0.6155505226958548 0.5353718142136752 0.17363099527549472 0.31969539734428026
5 0.339434455998299 0.5018291029503074 0.13235123084752426 0.3007090480082102
5 0.24241810145912807 0.3946029311109427 0.1681151491738441 0.5196226744716432
5 0.4967682955613455 0.4251479074014252 0.06470239546082901 0.10816702400410509
5 0.8552603526402545 0.47070882963357324 0.19027285825218598 0.3041703912941561
5 0.559781672333035 0.5442882719610016 0.1497569856568477 0.307059041958086
5 0.3913094692451429 0.4031098018188392 0.06930061542376213 0.15037270472226433
5 0.16729656117044214 0.4879898376286051 0.0491518065307547 0.1549420300542293
1 0.27755696017465026 0.6185716962362532 0.09615578130301125 0.20364315046753828