1 0.042635562785937234 0.31466021152541257 0.05861258700597225 0.036393856986241604
1 0.5437967128621871 0.38146569937487707 0.06758884992375017 0.08666667549789597
5 0.9216093222852425 0.5493748741549828 0.13867029502159767 0.390466287293461
5 0.869453289134583 0.24129204484355532 0.25367443312999993 0.2336756286706061
5 0.4025515041809718 0.5136383370311577 0.3005222104841673 0.7036805938242157
5 0.2846730199485412 0.547418114705972 0.036810322188333446 0.038754965153609613
5 0.6486991523573606 0.5362672720628826 0.03902743882958344 0.06693452885594056
5 0.25335028476618005 0.5516343887525891 0.07576633225631965 0.1696974303072194
5 0.14622876899861065 0.5257117842134181 0.05196384992375007 0.08612103847458741
5 0.5806570139646176 0.5753322612631093 0.063229964665139 0.16769842068857238
5 0.03535169927881925 0.542222216334736 0.0707033985576385 0.1838690577118811
5 0.01576589789204842 0.5430133900185334 0.03153179578409684 0.1733482199629332
1 0.643723977679826 0.3810986224257023 0.06533536569131951 0.056924611795565114
1 0.22177689570784692 0.36538935390619875 0.04335126291777787 0.05147321996293312
4 0.780494013014687 0.5418128892159253 0.02122168977951393 0.03977182813030104
5 0.8034230199485413 0.5293029655321279 0.1352894154625698 0.3122867235911301
5 0.12658776301468702 0.5646477986413885 0.054253701747361216 0.11742560217691818
5 0.5379253065176732 0.5331100449283733 0.04375130642076393 0.06866071996293321
1 0.36790701329902753 0.35872514773826375 0.1050524823325695 0.08641370435383652
5 0.49639960847312486 0.5176958652541261 0.9927992169462497 0.4864832694917478