5 0.5377840000397709 0.2774200255350431 0.1778919267186339 0.38785901583511756
5 0.48805672004295264 0.30231237694696883 0.22752939473263326 0.49239340314042074
5 0.21465722473740584 0.515024291765872 0.21323053739654255 0.47167172618081654
5 0.24226405673136067 0.46967468784666383 0.27198846674090565 0.5546038981258559
5 0.6247021973663166 0.23569449294037104 0.24940439473263326 0.4713889858807421
5 0.3408646413908155 0.4136627170761235 0.1869033000477251 0.3568818004748536
5 0.4570810820734966 0.5282898552393565 0.027398841343090473 0.07264788981258566
5 0.6281373747214974 0.38576607145755026 0.05129087468172653 0.11239235141192579
5 0.8321868860200446 0.13681306057049056 0.17374877204008926 0.2736261211409811
5 0.8349039007001803 0.22266536322342229 0.08172380935708964 0.1773186694377568
5 0.10134815539463353 0.44876645744270516 0.197132822724361 0.43059208511458974
5 0.8235760493714073 0.2566000940230924 0.06413632001909023 0.14244356426490726
4 0.343907825389861 0.40654053886287816 0.05717724801081765 0.08132420783841657
5 0.3785100920591791 0.4250715785171792 0.17936352005090672 0.3800919799417404
1 0.7547811433799978 0.3219044967678017 0.03986247867599957 0.06988660266556704