6 0.2615622731203423 0.650531902544792 0.09739315046753827 0.09131729065319441
6 0.6588639991162373 0.5988499545002436 0.05981133723582168 0.07638196846486114
6 0.7091826825648709 0.7890580336224311 0.30370782474278996 0.37576894509784753
5 0.6138782311622564 0.5196884781515978 0.09301472267624522 0.14433318787965277
5 0.5680849838927309 0.704534950416181 0.08368517447164336 0.1519274823325695
5 0.6028286643163024 0.902973103626563 0.11185562626704133 0.1603945989738193
5 0.21518672198887417 0.6010215586049654 0.11817834913967831 0.1730400693385418
5 0.2406992855151783 0.4211710576550349 0.07433744554888211 0.15639677678548622
5 0.816889601673761 0.5048850150050701 0.11350902985783762 0.17605596656499997
5 0.8632424269075301 0.5504891089448967 0.08516586123992695 0.13790134992375017
4 0.5874900106273104 0.9518281777147575 0.05344316256778665 0.05592399810013902
4 0.5585918092246958 0.6840042448690976 0.020521578258831143 0.03641027868534721
5 0.2769731288011242 0.47982001225218773 0.09462267447164327 0.15218205547083344
5 0.8362850171684141 0.6162589260992368 0.08209540339440444 0.14720361474138882
1 0.8882424269075301 0.5510709904037855 0.056668156517662285 0.07318423328249998
1 0.863646427005726 0.48566354274048684 0.04395907825883114 0.03695579255305557