5 0.39609375 0.38203125 0.1046875 0.23515625
5 0.6125 0.68046875 0.0328125 0.10625
5 0.709375 0.7125 0.04375 0.13125
5 0.64375 0.67265625 0.028125 0.1
5 0.9546875 0.92734375 0.0234375 0.04609375
5 0.93203125 0.86015625 0.0328125 0.05625
5 0.67265625 0.38359375 0.04375 0.15
5 0.60078125 0.81640625 0.0625 0.11875
5 0.66796875 0.80703125 0.0609375 0.125
1 0.71328125 0.69453125 0.0390625 0.04609375
5 0.54140625 0.840625 0.053125 0.09765625
5 0.96015625 0.88125 0.0171875 0.05234375
5 0.88046875 0.828125 0.0390625 0.075
1 0.6953125 0.83203125 0.028125 0.06640625
5 0.7921875 0.853125 0.034375 0.04140625