1 0.3984352301504051 0.30431790073348863 0.08899834160399793 0.1357043762235354
5 0.7220631670824545 0.4396526776905126 0.5523804846940099 0.8741468943645208
5 0.5664659844936313 0.46458573422126737 0.1619350355653605 0.2614881154237622
5 0.06685026313212246 0.6585813371159758 0.13370052626424492 0.1253323606144388
5 0.35817614144189136 0.5490773292266095 0.21869445781510155 0.27438990870767305
5 0.2974013072814915 0.5644592817663474 0.16095042431665565 0.206855179126093
5 0.15382474338497143 0.415037179041275 0.20292390860088988 0.2707192716843643
5 0.14934695099518527 0.5446701153389442 0.22148981803034934 0.23392859981466554
5 0.48037658891791074 0.28663683821228414 0.27214909759985384 0.31681551088459126
5 0.10358086042239009 0.3421924452833438 0.20716172084478018 0.2355456635169965
5 0.2750919294884513 0.25636652877112254 0.21527405128112634 0.20095240870767297
5 0.48988205976269084 0.517958760081983 0.17628863399378397 0.26822918874473983
1 0.06881415839600212 0.3361979056276301 0.13762831679200424 0.15162204210278443
1 0.3948349253546221 0.6328149229660072 0.06642982878371635 0.08655754809323427
1 0.4699997452469983 0.6099106471052915 0.06835620181924576 0.09442461179556502
1 0.28064614681857486 0.6227628550873251 0.06635705417661039 0.08499504809323426