5 0.3013329145990985 0.7914513068435325 0.013200336958138336 0.0176968359695552
5 0.48172075155723687 0.8159605114058875 0.025474843878220455 0.05095500494291585
5 0.5474412520515285 0.8209782752460519 0.02085101087441501 0.05232650395433254
5 0.19766803961768908 0.9804488453610954 0.08928267589344294 0.03910230927780915
5 0.6709278315952929 0.8080710514435061 0.013518671939110405 0.025509335969555024
5 0.6756789985914874 0.8098245524320893 0.008703837946721471 0.02219333498097207
5 0.7158503538384144 0.9151951433445603 0.027865014828747547 0.07133117193911005
5 0.8338217624316517 0.8817844185534313 0.01664367193911005 0.025636669961943782
5 0.7026526754735135 0.8592807243711995 0.02241351087441501 0.052390170950527094
5 0.39259458456104246 0.8107689926228072 0.00994800296574958 0.014444501977166268
5 0.40099733357245926 0.8064316611018765 0.015017504942915849 0.02401050296574958
5 0.7018342747889414 0.9349028068807137 0.03079901384016459 0.06677100593149916
5 0.5291223335724593 0.8116523547898165 0.017662343878220455 0.050636669961943784
5 0.5057618631555925 0.64140625 0.9884762736888151 0.7171875