1 0.510523479307014 0.7703305126600695 0.031468188311602675 0.014320105233436919
1 0.40735756899858855 0.7666679153897273 0.014198867694751626 0.008631547355046721
5 0.7728422471639215 0.7511988939901041 0.036728432629559826 0.04740562101845249
5 0.6886172516281484 0.7376908598598243 0.02869774431795715 0.03445059471009326
5 0.6193763279270422 0.761811628346263 0.0459670649348082 0.04013915258848364
5 0.559288261774418 0.7544016757718968 0.030260244317956975 0.03454159997176518
5 0.4851104220828436 0.747735175842484 0.04133411201270896 0.04299113680346807
5 0.35670873255342495 0.7113209917545564 0.06041139448011297 0.06283319994353036
5 0.28305304424182215 0.7195437444559796 0.05616027110331832 0.08756018415851478
5 0.037576903008120145 0.7146309183734992 0.04125229139585782 0.038303636803468065
5 0.39037066640080076 0.7093713548805012 0.035165932629559825 0.047314615756780753
5 0.10871156331654566 0.7164279077795683 0.049310253246410876 0.052821163111827295
5 0.06611100609237523 0.6928315130835925 0.03672843262955987 0.04740562101845249
5 0.12966499148187866 0.6808922261813024 0.028670470779006772 0.03288809471009326
1 0.33871270901447453 0.7118369312453302 0.0319045649348082 0.03932010523343692
5 0.08906726502082898 0.6769635893778343 0.023955697240056483 0.031052578925077866