5 0.8718428059826004 0.35703125 0.07575400126594438 0.2453125
5 0.693953418959292 0.34140625 0.0697222560752678 0.2515625
5 0.1851414141499686 0.33515625 0.060744070958724986 0.1734375
5 0.7652034255827139 0.390625 0.027127984390903314 0.0609375
5 0.3429167086150057 0.31171875 0.04480655771188111 0.075
5 0.2777108600662846 0.34609375 0.05356648801910051 0.146875
5 0.24133685044763772 0.33359375 0.022331356986241602 0.0578125
5 0.42011661487560803 0.35234375 0.03065477767481415 0.1171875
5 0.7489583774894797 0.328125 0.04162699400955035 0.0734375
1 0.4248958841129017 0.37734375 0.024801592558271322 0.0390625
1 0.6206448937315485 0.38984375 0.0332688569862416 0.0578125
1 0.4579812026245559 0.38515625 0.01655258293962447 0.0265625
5 0.607790229666398 0.3796875 0.03345239546082901 0.1078125
5 0.22396830117327715 0.35078125 0.023730165879249122 0.053125
5 0.5569891322988031 0.334375 0.0951885036281972 0.0859375
5 0.4683284255827139 0.390625 0.032941474772256465 0.0484375