5 0.81640625 0.59453125 0.040625 0.2859375
4 0.91796875 0.69296875 0.0546875 0.10859375
5 0.87265625 0.7 0.0609375 0.1390625
5 0.928125 0.56640625 0.040625 0.146875
5 0.36640625 0.4890625 0.0203125 0.071875
5 0.2375 0.48359375 0.0265625 0.053125
5 0.303125 0.48046875 0.0328125 0.05859375
5 0.88125 0.175 0.0109375 0.03046875
5 0.834375 0.16953125 0.0171875 0.03046875
5 0.87421875 0.16640625 0.0171875 0.046875
5 0.36796875 0.10859375 0.0109375 0.04140625
5 0.35859375 0.109375 0.0078125 0.03359375
1 0.80546875 0.690625 0.0625 0.053125
5 0.93359375 0.6875 0.053125 0.296875
5 0.89453125 0.175 0.0203125 0.03359375