1 0.221875 0.28074041901069424 0.075 0.1441863372358217
4 0.72265625 0.28563945892567677 0.053125 0.06593407220870695
4 0.390625 0.2703836602300956 0.0109375 0.046938632513557364
5 0.80234375 0.3226758506126163 0.0875 0.3630090601084587
4 0.39609375 0.043413135833207016 0.0234375 0.08682627166641403
5 0.93125 0.27817589598854786 0.090625 0.3849022408266178
4 0.73671875 0.3855576456939602 0.021875 0.07200226502711464
5 0.5859375 0.24737236534514334 0.103125 0.4412249636992548
5 0.4125 0.2960376452029809 0.09375 0.34742042154477704
5 0.26015625 0.2310838405063734 0.1375 0.4621676810127468
5 0.4859375 0.08949779547412741 0.196875 0.17899559094825482
5 0.69765625 0.26937865467095073 0.1046875 0.4037340540583344
5 0.29921875 0.23185294623625322 0.071875 0.41604315651766244