5 0.6891200246914762 0.37687609090260354 0.04307835518980241 0.154106924961875
5 0.18208020521324364 0.2558830580362846 0.11435443325224201 0.32136846656500007
5 0.32426770521324366 0.2525736072388539 0.12208512002052548 0.30748780452090296
5 0.7297541150505558 0.3743680335319091 0.04771131303532492 0.1448410277354167
5 0.7555399102300956 0.3729867182774299 0.031959048008210186 0.12260235182361115
5 0.786780819871016 0.37382186645381876 0.03978972872636923 0.12590918977951393
5 0.9461512746914762 0.370893622153402 0.0318863251355733 0.11010235182361114
5 0.6524285457687149 0.3730432292953466 0.04296927088084708 0.13535692496187507
5 0.7921359403825208 0.3932258298846868 0.03190450585373252 0.11322735182361114
5 0.4115308349963264 0.4255188383371524 0.022129530054229286 0.04425914627652787
5 0.029953061188613107 0.624999346789618 0.020721566158582803 0.0707852786853472
5 0.22593318170011786 0.6399664640964582 0.020676114363184707 0.0629727786853472
5 0.6440847806434045 0.33027450104683975 0.04722952400410509 0.062028527735416714
1 0.7288183289462022 0.40094871732749937 0.023701120413308983 0.04585801386770836
1 0.6444569644848217 0.40056881725124943 0.020557939695149584 0.042660278685347205
5 0.5302126573032293 0.43447365140743005 0.8955771621750032 0.3348647621552786