5 0.07607436105131977 0.5837237425856262 0.08331451659574647 0.18880251482874755
5 0.19193430783301108 0.5711680513691441 0.08265895273377603 0.17942751482874755
5 0.24620654459145933 0.5854096234985346 0.0790205005042031 0.14967634783255335
5 0.7680269142696284 0.563363596769608 0.044711202481674484 0.10465300790866543
5 0.39175399137315065 0.5716442593543591 0.06797373986054138 0.14766817885919253
5 0.4289097839477975 0.5763980849437909 0.06273993664223276 0.1396646778706092
5 0.4735120897639963 0.5643954920541535 0.06652050050420293 0.14916701186299797
5 0.5367387094421654 0.5610357287082807 0.07200567599857095 0.13848417984777567
5 0.5728401004076581 0.5619151377958097 0.05917789406758587 0.13328734387822044
5 0.3488945020168123 0.5749576017497049 0.07331680372251181 0.15723417984777566
5 0.6120664913731506 0.5626672128909499 0.06310056956195353 0.12254084486680376
5 0.30230907912033456 0.5698045281374394 0.08490986758448216 0.1670548488211363
1 0.496522890888618 0.7366060730807928 0.07711951089576327 0.0779286818249421
1 0.9813745942034717 0.6243634692795595 0.03725081159305645 0.02340300790866543
4 0.2092360583372142 0.7177565498862692 0.060369053470410175 0.08347834486680376
5 0.7101762094421654 0.5539686921307032 0.05695983020561535 0.12384867688202625
4 0.14942401576256725 0.7139258957416562 0.032419016091543365 0.04027217292769336