6 0.70859375 0.68515625 0.08359375 0.0734375
6 0.3359375 0.55859375 0.04765625 0.065625
6 0.25625 0.73203125 0.24296875 0.3234375
5 0.3921875 0.490625 0.06953125 0.12890625
5 0.40625 0.678125 0.05703125 0.1390625
5 0.33984375 0.86328125 0.08515625 0.1421875
5 0.7609375 0.64609375 0.08984375 0.153125
5 0.76640625 0.46796875 0.04765625 0.1453125
5 0.2 0.43671875 0.08359375 0.1578125
5 0.14765625 0.471875 0.0625 0.12421875
4 0.346875 0.9125 0.04375 0.046875
4 0.41796875 0.66015625 0.01484375 0.0328125
5 0.72109375 0.5171875 0.06875 0.1375
5 0.16328125 0.540625 0.0578125 0.134375
1 0.12421875 0.46796875 0.0453125 0.0640625
1 0.1578125 0.409375 0.03828125 0.028125