5 0.11015625 0.765625 0.2203125 0.4625
5 0.80546875 0.80390625 0.1515625 0.3921875
5 0.2140625 0.69765625 0.14296875 0.35546875
5 0.94296875 0.69375 0.1140625 0.26015625
5 0.07578125 0.40625 0.021875 0.0921875
5 0.3046875 0.64375 0.075 0.0984375
5 0.70546875 0.5859375 0.06796875 0.1
5 0.64140625 0.5328125 0.05078125 0.05546875
5 0.9390625 0.8875 0.1203125 0.225
1 0.66328125 0.77734375 0.1203125 0.44453125
5 0.5078125 0.58125 0.575 0.81171875
5 0.81484375 0.57265625 0.01328125 0.0203125
5 0.865625 0.71484375 0.115625 0.30390625