1 0.9138973095330373 0.25318044116808763 0.061778109191583754 0.03784543364502539
1 0.3972629171834615 0.369425148228043 0.07601988433001132 0.08947156615858276
5 0.046478074492432145 0.5746591115345143 0.09295614898486429 0.39443177693097126
5 0.10340679981542986 0.2564040152235064 0.2068135996308597 0.2403169695529872
5 0.5370589975359898 0.4912223592950191 0.3708593337393891 0.7175157946885605
5 0.6582133042912501 0.5139462661072691 0.04010336829088246 0.04084316861791084
5 0.28493649059615955 0.5379847715682182 0.0465932001845701 0.06899543969514958
5 0.688531859966776 0.5161127541052166 0.09226425046142524 0.17234769867214011
5 0.7994786543835352 0.4787622241491832 0.06185725478036197 0.08782725292686618
5 0.35314627005352384 0.5703882054096354 0.07966412091177606 0.17071247579950324
5 0.9186093861849379 0.48431681167959245 0.09795304595791876 0.18799996974937905
5 0.9413657657345871 0.48262250147293795 0.0660021391103733 0.17688066256778665
1 0.29514970466039026 0.3786097715682182 0.07099242288667415 0.059765885440423536
1 0.7282916741232919 0.3222036728213233 0.04871690468807692 0.0533886204133089
4 0.14872888032484166 0.5551773376286052 0.024478368290882367 0.04075226502711473
5 0.12521103717238694 0.5443807381943392 0.1671011690291629 0.31647949375348394
5 0.8181192304171268 0.5169207543016083 0.06542234577334831 0.11908634328594588
5 0.39750634176817873 0.5240535608940255 0.051380829734219445 0.07058521077238851
1 0.5787224706995192 0.3285405521134268 0.11508238433001132 0.0896988251355733
5 0.49203970080287895 0.5002160850945223 0.9840794016057579 0.5151928298109553