1 0.6885676534696251 0.8692459733826163 0.09265416442319178 0.12706651878308045
5 0.7269542035487675 0.8855488167293644 0.14491064937949716 0.22890236654127136
5 0.612666731524586 0.8084092910633828 0.06437605172849495 0.17429434585538672
5 0.6578883033113405 0.8071306339530201 0.05069398495630519 0.1331600098858317
5 0.5790502494712746 0.8062592006452034 0.04360891066226813 0.15784167490485962
5 0.5271156764308786 0.8181888562726911 0.0704896594086268 0.16986151384016424
5 0.09545884798020651 0.7061810158173308 0.03393238229073818 0.09346083992388791
5 0.807115413498755 0.7866801655876816 0.02575616943775678 0.08064250494291585
5 0.4916184456312086 0.8050375988583174 0.0499953029821361 0.1627838428896375
5 0.8732859827782271 0.8081041794278463 0.0436710951437199 0.10634284190105418
5 0.7820926814454436 0.7848802436485715 0.033659597651002036 0.08408583992388792
5 0.6414138571514065 0.804118380492979 0.041819090129154725 0.14996550790866542
1 0.672808609658689 0.783548553914964 0.02310253087881229 0.04307883794672129
4 0.5140246430447839 0.7973670203031361 0.022784282132453627 0.03214133794672165
5 0.6939250917120003 0.7851893083635882 0.04317098997087019 0.08915534190105419
4 0.8599820007249157 0.8067817599601937 0.011710389812585476 0.027008168973360825
5 0.15028274030007455 0.7130968606841345 0.032188025864247474 0.08714717292769336
4 0.6715643584050477 0.7944223869187697 0.02525606426490725 0.06345500494291585
4 0.2595895441401405 0.715209800417742 0.011255748746358752 0.011383168973360825
5 0.5086609123116207 0.79765625 0.9826781753767586 0.4046875