5 0.29140625 0.53125 0.03125 0.1375
5 0.39609375 0.521875 0.0328125 0.16015625
5 0.4921875 0.55859375 0.04375 0.16640625
5 0.53671875 0.50703125 0.05 0.0625
5 0.65546875 0.60546875 0.0703125 0.12890625
5 0.6765625 0.50625 0.0375 0.09140625
5 0.7359375 0.54609375 0.0390625 0.14609375
5 0.8203125 0.55546875 0.0328125 0.175
5 0.8375 0.54296875 0.0234375 0.14609375
1 0.75859375 0.53828125 0.0359375 0.07890625
4 0.82734375 0.54140625 0.025 0.0875
1 0.828125 0.5375 0.025 0.07734375
5 0.62890625 0.53359375 0.0453125 0.17734375
6 0.52734375 0.540625 0.0484375 0.07265625
6 0.4078125 0.55859375 0.0265625 0.04375
6 0.38125 0.54765625 0.0078125 0.03125
5 0.5015625 0.49140625 0.0234375 0.04765625