5 0.16139787193240393 0.44772387007567466 0.08042225204506401 0.29667868182494195
4 0.050708076009896755 0.35404551285158126 0.0705518438900784 0.11836268083635879
5 0.09558030680956686 0.3441412722431214 0.08083612602253201 0.14999468281352524
5 0.04930103721352556 0.48304726334587283 0.06070548244902274 0.15541701186299814
5 0.6253179679340534 0.5252903849416033 0.03030727711788863 0.07614600593149916
5 0.7560140384671667 0.522794079123835 0.03444920783841639 0.05758700692008212
5 0.6900935217741193 0.5302763152836706 0.04088106426490725 0.06409167490485981
5 0.12697477850454392 0.8780825321289532 0.015017246239076298 0.03338550296574958
5 0.1753895464512326 0.8808374590109793 0.021267246239076297 0.03364017095052709
5 0.13455995797143053 0.886213367109925 0.023284387305303113 0.049328837946721646
5 0.6531735656515625 0.9120383098464633 0.016897994985435004 0.04438666996194414
5 0.6618127797581852 0.9108259783255322 0.01193771034569906 0.03482066897336082
1 0.16504336064963282 0.34931820357377186 0.07052310015828453 0.06373884783255317
5 0.04113999396290304 0.36122134288963736 0.08227998792580608 0.3097516847906916
5 0.11364806439792123 0.8791038626613009 0.024483174452321687 0.03689250494291585