1 0.6737330223307942 0.40069822562753954 0.08758139081820956 0.14114423658176473
5 0.2876157398658056 0.4055535973145079 0.5752314797316112 0.8111071946290158
5 0.44321507650740466 0.4684912931801414 0.15910113399378395 0.2719121776670361
5 0.8567747322128106 0.8688741340162442 0.1509161447471513 0.12962454811738694
5 0.6107215618250963 0.6365670720191968 0.21891278163641914 0.28509210055371026
5 0.6640670396991898 0.6781525971576243 0.1595334735308674 0.21429993676633483
5 0.8672776228261323 0.6093885124861596 0.2031422324222074 0.28096580505721713
5 0.8174489048768361 0.7269276634736086 0.22468759263745497 0.24184274830195704
5 0.6012008968140655 0.3485361458933201 0.27229464681406557 0.32745887569213805
5 0.9217059877988909 0.5678506569952035 0.1565880244022182 0.23933950956072395
5 0.8145763461521118 0.41439738509597845 0.21690932588823203 0.2086297301033598
5 0.4945828314698034 0.5512327444444457 0.17338195781510155 0.2775008436138801
1 0.9572089942090318 0.5770847570874886 0.08558201158193626 0.15212130937615384
1 0.5394865707164365 0.695873418410854 0.06650260339082212 0.08994268198597286
1 0.4754026459854961 0.6411370511997058 0.06842897642635144 0.09785531153562203
1 0.6559313620727654 0.737607940310079 0.06642982878371625 0.08838018198597268