5 0.5120694895164254 0.4965302183281574 0.2424411304725 0.35428954646340927
5 0.2397043337486143 0.5395758586697872 0.2181024645256561 0.3392720415204934
5 0.35104235194721156 0.5288055019399853 0.2240520758767081 0.3348392095052709
5 0.6161049498800283 0.44164244707361905 0.180262503082319 0.3081202006080222
5 0.7033522308785521 0.32042668026770516 0.25471749228497736 0.5215407134596036
5 0.45983396591915726 0.39969898068544707 0.08064682757475108 0.11549234882113649
5 0.11687556485326642 0.5134510518634355 0.23375112970653283 0.321286045474826
5 0.4058299814968609 0.5250146570731816 0.19648828038021496 0.31813187056996634
5 0.5599433898855656 0.3574385434232976 0.092525066315984 0.15493685079830274
5 0.7811582533960861 0.3951773294694024 0.07543769586563336 0.15579901384016442
1 0.6814214643779979 0.5410575152486772 0.12874197100406093 0.20939885771838504