5 0.18707938182618628 0.46698914735836256 0.00635908430895542 0.018822725334181813
5 0.27375722521032797 0.4609669613701346 0.015761355386194255 0.02361931333545435
6 0.5411254906302261 0.22659415073995115 0.21562604176169414 0.2712408426957259
6 0.6934419695529872 0.22367933076063204 0.11648858411256384 0.14978291868236288
6 0.3583584424256242 0.23227943471513415 0.17489195745273883 0.2520181280235444
5 0.7816919241770558 0.35360373543917695 0.14347833098930565 0.2235295013526354
5 0.15737370110802704 0.46351870202099904 0.009493174668035032 0.020421588001272716
5 0.2862754059284872 0.4642374120384982 0.017342036104353475 0.02676249466899989
5 0.21596745110802704 0.4642005020289533 0.01886817466803503 0.020530676002545434
6 0.5650538700205254 0.31124187074313286 0.19441359621281204 0.11631698535963517
1 0.6791163700205255 0.31256910809195027 0.09261474687674198 0.07451019867918127