5 0.4265625 0.696875 0.1046875 0.3703125
5 0.48046875 0.68359375 0.134375 0.46875
5 0.78984375 0.53515625 0.125 0.45
5 0.75390625 0.5734375 0.16875 0.52421875
5 0.3296875 0.73515625 0.1546875 0.478125
5 0.64609375 0.60625 0.121875 0.33515625
5 0.55625 0.46875 0.0140625 0.0703125
5 0.36015625 0.57109375 0.0296875 0.1078125
5 0.10390625 0.8 0.1125 0.31640625
5 0.12578125 0.68515625 0.0484375 0.16875
5 0.89375 0.625 0.13125 0.4078125
5 0.14375 0.6546875 0.0375 0.1359375
4 0.6421875 0.6125 0.04375 0.07265625
5 0.61171875 0.58671875 0.1078125 0.3609375
1 0.22421875 0.60546875 0.0265625 0.065625