5 0.37564072541372356 0.5943328247427898 0.16079423870145293 0.25716812626704133
5 0.654808415380316 0.3498798845566608 0.05755905601527189 0.11282725292686627
5 0.7578243273790434 0.3411048482559155 0.07507382001909005 0.14105224687674198
5 0.6846686380489977 0.36489635137917353 0.052780649347544895 0.10498748184962733
5 0.9941868993475449 0.24640192319509707 0.01162620130491021 0.06258181323171659
5 0.6498054787555414 0.6584236375817228 0.07996131468808994 0.1582670179539809
5 0.6727487986950896 0.21327476404515605 0.09060791335136287 0.13333065046753828
5 0.737093109365044 0.23786621876742037 0.09066245735199914 0.13801815046753826
1 0.758033412714816 0.35907359825591556 0.05063634667409041 0.05497839149054773
5 0.6191874466899989 0.175465691836449 0.07627269334818117 0.10981133723582168
5 0.9530453733688621 0.26724568832040757 0.05721361067790838 0.08313975292686618
1 0.7704686833624986 0.21931166148763212 0.04460452267663584 0.07369203005422928
5 0.8712681146960441 0.22146048964826748 0.04431362133990859 0.048692030054229285