5 0.6187495945595431 0.2918649968351391 0.18176383765968432 0.39361113466105585
5 0.5625405048679687 0.2961730401190499 0.2320286647693571 0.4999901094333124
5 0.2281439598186629 0.39618548612018395 0.21914683522405234 0.47767859981466554
5 0.2713348522701809 0.36262645245492 0.2784048327884204 0.5625099568009071
5 0.722314925322664 0.26870526063013717 0.25568435308095977 0.5133085649682753
5 0.38441155072805333 0.3469518340359329 0.19215586688067746 0.3627430805773718
5 0.44961163108413704 0.49945678594269866 0.029379582791715642 0.07285714664195542
5 0.6633371659871731 0.42789177687220603 0.05196369480442442 0.1142460384745874
5 0.9345074135548364 0.24005443785731365 0.1309851728903272 0.3405754146981227
5 0.9168382670428332 0.3510291433922765 0.08433190990138825 0.17939981252120454
5 0.14106492532266393 0.28900295789721553 0.2168752232113435 0.4369990361123347
5 0.8938644172049891 0.3784100989272393 0.06654439204448082 0.14442461179556504
4 0.38979848011120233 0.34207336107777486 0.059230724025417646 0.0832688569862416
5 0.4153439508902091 0.37245034184048126 0.1831899699649327 0.3858531983633867
1 0.8046070482924212 0.41514126181126354 0.04028980925276535 0.07167659255827133