5 0.6256485988211364 0.11333912553525446 0.05643568380210837 0.08465440468807692
5 0.6818985988211365 0.11694378932263003 0.042054848821136304 0.07594073874123301
5 0.7132586867678579 0.14077131554079178 0.035486513840164415 0.06772772054263573
5 0.8184091017868859 0.13971756014212094 0.05181185079830293 0.08591651603912895
5 0.8497864357792746 0.14484515113510738 0.02566584486680341 0.056189443244739845
5 0.8574079347906916 0.140658298883354 0.04718801779449713 0.08717862739018098
5 0.4954053419010542 0.07226593768918546 0.0539818458553869 0.0626792751384276
5 0.8878766847906917 0.14261082510151576 0.025249350798302574 0.0842143136950905
5 0.2655069362735663 0.10974044956626128 0.02904551285158128 0.06263970234403846
1 0.8578907544486244 0.07601480798265263 0.1086401709505271 0.027221438925803153
5 0.34939250494291585 0.04576638957179861 0.0706600098858317 0.05128070018457013
4 0.996473093383929 0.1715449583517929 0.007053813232142048 0.025700906847545245
5 0.2101827663116224 0.09061091532853505 0.038900673916276586 0.03677810919158371
4 0.22845792243340188 0.04191259947397622 0.02713550296574958 0.015764702344038463
4 0.6209810034600411 0.056157681210780484 0.03989017095052709 0.022815738741233015