5 0.7135814417686739 0.34445170106513284 0.4990378835373477 0.6889034021302657
5 0.6310867311606255 0.41517278897467336 0.13495039462538863 0.12240819368794006
5 0.2569057785156722 0.4445153680613272 0.3991890729575342 0.7785149081361269
5 0.44370709947765496 0.5324424965027779 0.12832096302712265 0.14240235870696819
5 0.5361907310900383 0.49343439323301724 0.07431673151356133 0.07161501482874755
5 0.5690333231692957 0.5195048033091293 0.1545040314288567 0.1637335306460784
5 0.5324804441171611 0.6314118957044752 0.12730449459715382 0.1517136917107738
5 0.4641777651497311 0.6553388270351255 0.08972889988706054 0.12212435079830275
5 0.42538130468285706 0.5942713344494994 0.1182935156438413 0.15758168973360753
5 0.5350726360270093 0.8372626476816414 0.16289192605424532 0.28098469764227296
4 0.6280799124059556 0.7669090439175891 0.03526964206513998 0.04352450692008212
4 0.5022146333961732 0.8378184046017235 0.03241765785015538 0.04808467292769336
4 0.5020649020237863 0.6201215686321685 0.02496917889684287 0.05401633794672147
5 0.9546100827301572 0.3654195508004904 0.09077983453968556 0.12014535672980173
5 0.36829684677623187 0.6091270133086918 0.08447995776545092 0.13905718281352525
5 0.385271515149731 0.6585540103429424 0.08127936305535757 0.11086851581733086
1 0.41333341489561726 0.9252321743733871 0.056749799915295364 0.09116351087441502
5 0.5176865708913956 0.6488394762368228 0.9646268582172087 0.7010477076024666