5 0.32158220573451457 0.8406443864749834 0.12438567021222235 0.18060364474715093
5 0.3839003677786118 0.8357428707592177 0.1119584053945835 0.18314644789030404
5 0.4753631287965286 0.932725897745079 0.08009015634451408 0.13454820450984215
5 0.9102258252255563 0.8165543006574445 0.08884690729444458 0.1290026033908223
5 0.966176392761146 0.7798034714594435 0.06764721447770797 0.17104455417661057
5 0.2869253038553128 0.35752151736839555 0.20476546086541694 0.28111737510244394
5 0.3816131287965286 0.9373288337461151 0.06697190729444458 0.12534233250776977
5 0.7754325979269797 0.7923269344463408 0.10218336189159735 0.16552230024766884
5 0.6771438343436118 0.9617789476809072 0.04647626291777769 0.05211046360606986
1 0.42770361274461866 0.7730095843652875 0.04662173328249999 0.058360463606069855
5 0.9308857769729173 0.9330162086391619 0.04346036569131968 0.05665241439185813
5 0.8655517177023618 0.9424596751407158 0.048075130508958355 0.05374573821317554
1 0.9471244535503132 0.725404915835091 0.048002395326597024 0.05062073821317572
5 0.55735866441573 0.9788315529337561 0.025727351823611144 0.03241439371369381
4 0.7301019141313896 0.789435220840271 0.024019381458888843 0.02609161910658777