5 0.8515625 0.6609375 0.053125 0.23984375
5 0.67578125 0.6671875 0.046875 0.246875
5 0.17421875 0.646875 0.0453125 0.16953125
5 0.746875 0.62265625 0.021875 0.05859375
5 0.3296875 0.67734375 0.0375 0.07265625
5 0.265625 0.64140625 0.040625 0.14375
5 0.22890625 0.6515625 0.0171875 0.05625
5 0.40625 0.6421875 0.0203125 0.115625
5 0.7296875 0.68359375 0.034375 0.0703125
1 0.41171875 0.61796875 0.021875 0.0375
1 0.60390625 0.615625 0.028125 0.05625
1 0.44375 0.61171875 0.0140625 0.02578125
5 0.5921875 0.625 0.0234375 0.10625
5 0.21328125 0.6328125 0.01875 0.0515625
5 0.540625 0.6671875 0.0875 0.0796875
5 0.4546875 0.60703125 0.028125 0.046875