1 0.490625 0.7234375 0.02890625 0.0109375
1 0.58828125 0.728125 0.0125 0.0078125
5 0.24296875 0.68125 0.0328125 0.0421875
5 0.3234375 0.6765625 0.025 0.0296875
5 0.38828125 0.70546875 0.04140625 0.034375
5 0.4453125 0.70390625 0.02734375 0.0296875
5 0.515625 0.70390625 0.0375 0.0375
5 0.6390625 0.68046875 0.05390625 0.0546875
5 0.70859375 0.69453125 0.05 0.078125
5 0.940625 0.71171875 0.0375 0.0328125
5 0.6078125 0.67578125 0.03125 0.0421875
5 0.8734375 0.7078125 0.04375 0.0453125
5 0.91484375 0.6890625 0.0328125 0.0421875
5 0.85546875 0.671875 0.025 0.028125
1 0.65546875 0.6828125 0.02890625 0.034375
5 0.89453125 0.671875 0.02109375 0.028125