5 0.10806156524509496 0.6560596494796016 0.07009651336727116 0.2535211476705793
5 0.2891297519096405 0.6811835594746528 0.06391923870145293 0.2594435990500603
5 0.8070257765754587 0.7145791514001656 0.05830449069063519 0.17951043758467106
5 0.2186178045830948 0.6274576939162492 0.027289753341817758 0.06389208163720586
5 0.6450343065722771 0.7295413308442363 0.04307838534372692 0.07877345318850323
5 0.7134030459102769 0.6987284220923804 0.05174540802036276 0.1526203889641522
5 0.7507485045751405 0.7139749638154946 0.021003390674727028 0.060439533016686656
5 0.5681632712444586 0.6848629166653135 0.027962462682999244 0.12170458163720585
5 0.2327161199077315 0.6922981218899817 0.03993520401018138 0.07704717887824372
1 0.5637757632479585 0.6588360051999244 0.025472714672181596 0.041935194482076096
1 0.366264963916322 0.6359772800760106 0.03194089067472685 0.06101274310259512
1 0.5318354199156857 0.6493448185197643 0.01593408267027243 0.02738137155129756
5 0.3778655352482766 0.6467476837394839 0.03097837468172653 0.11249335594746537
5 0.767372930577686 0.6960847789443569 0.022511346674090403 0.055833920171816584
5 0.4281104359086861 0.6955027662812008 0.096330654678545 0.09249511646291494
5 0.5201803045830948 0.6432619148562913 0.03183180267345413 0.05163774310259513