5 0.78125 0.81015625 0.0390625 0.10625
5 0.56875 0.81015625 0.0265625 0.10234375
5 0.93125 0.77734375 0.0375 0.0796875
5 0.4015625 0.771875 0.0234375 0.0796875
5 0.83203125 0.7640625 0.0453125 0.19765625
5 0.77734375 0.89140625 0.025 0.121875
5 0.86015625 0.53203125 0.00625 0.05703125
5 0.8390625 0.54765625 0.0109375 0.053125
5 0.3265625 0.615625 0.00625 0.071875
5 0.9625 0.84765625 0.0265625 0.19375
5 0.878125 0.78359375 0.03125 0.11015625
1 0.81953125 0.73203125 0.01875 0.06875
5 0.859375 0.81953125 0.0203125 0.1328125
5 0.4078125 0.55703125 0.003125 0.0265625