4 0.35546875 0.5421875 0.0609375 0.09140625
5 0.20625 0.4484375 0.05 0.2015625
5 0.3671875 0.5453125 0.125 0.225
5 0.89453125 0.415625 0.0484375 0.09609375
5 0.509375 0.53125 0.078125 0.215625
5 0.5984375 0.53984375 0.1 0.18984375
5 0.66328125 0.38515625 0.0421875 0.1546875
5 0.79140625 0.396875 0.0484375 0.15
5 0.76796875 0.35234375 0.025 0.0703125
5 0.86484375 0.39453125 0.0296875 0.14765625
5 0.60234375 0.47890625 0.1203125 0.290625
5 0.19375 0.3046875 0.03125 0.0984375
4 0.7890625 0.3796875 0.01875 0.0703125
5 0.234375 0.46640625 0.0296875 0.1546875
5 0.1390625 0.30234375 0.028125 0.0421875
1 0.59375 0.50703125 0.0453125 0.0515625
1 0.509375 0.4765625 0.046875 0.08671875
1 0.51640625 0.30234375 0.0171875 0.01875