5 0.10221254416857621 0.66484375 0.20442508833715242 0.5015625
5 0.7095223239007632 0.8328125 0.25309516451263897 0.334375
5 0.15258591214100642 0.62734375 0.23870666261277812 0.3875
5 0.8665178595199647 0.80078125 0.17536890159486127 0.284375
5 0.09527025351538168 0.30390625 0.04756729065319452 0.096875
5 0.2564564477602078 0.5953125 0.10112870174736122 0.115625
5 0.6671750890027426 0.63828125 0.09487870174736131 0.115625
5 0.619556513014687 0.56953125 0.06566267401194459 0.06875
5 0.8126817318607978 0.93203125 0.16566398043270852 0.1359375
1 0.5753479988626383 0.790625 0.23787151443638913 0.41875
5 0.473008821335312 0.55546875 0.792568159381737 0.8890625
5 0.7785847144777078 0.6515625 0.01773301386770836 0.0234375
5 0.7898644405420132 0.8046875 0.1967360617390977 0.3296875