5 0.80703125 0.68984375 0.1171875 0.2984375
4 0.88203125 0.81640625 0.084375 0.1234375
5 0.834375 0.8109375 0.0984375 0.15625
5 0.92578125 0.69140625 0.0796875 0.159375
5 0.3828125 0.46328125 0.0390625 0.078125
5 0.25546875 0.42265625 0.040625 0.059375
5 0.321875 0.4375 0.0484375 0.0671875
5 0.984375 0.2859375 0.0203125 0.034375
5 0.93828125 0.2671875 0.025 0.0359375
5 0.97890625 0.275 0.0296875 0.0515625
5 0.48671875 0.08046875 0.021875 0.0453125
5 0.47734375 0.0796875 0.0171875 0.0359375
1 0.76953125 0.78359375 0.0765625 0.0703125
5 0.8984375 0.81484375 0.134375 0.3125
5 0.990625 0.28984375 0.01875 0.0390625