5 0.6140445036501527 0.3358059697932971 0.13410581330995514 0.257653787293461
5 0.42211569682972405 0.6708332781381504 0.04571369480442442 0.11402778366526398
5 0.3251958323813833 0.7164310095338289 0.06026711850553053 0.1426438569862416
5 0.38844012621287305 0.6673188977382638 0.03935460064862308 0.10755952885594056
5 0.0958567544576363 0.9683382830322916 0.028997753246410872 0.05098214664195524
5 0.11180330843539583 0.8966443323066524 0.040126168019063255 0.06230159255827132
5 0.3277757670428333 0.3715996591710091 0.06215690097293471 0.16144842068857254
5 0.4495566785657795 0.8098040089008567 0.07723643019392785 0.1307440577118811
5 0.3784083814878788 0.8091616573569105 0.07734552434972919 0.1369940577118811
1 0.31941343668345434 0.6986532324919869 0.04621252678536116 0.05314484736759475
5 0.5123975978026587 0.8271527108076224 0.06591710064862308 0.10848711179556503
5 0.0848822982891261 0.9218179470974424 0.0228295738632619 0.05545139183263217
5 0.16192999350058765 0.8573710119808997 0.04829322402541765 0.08288691106992588
1 0.3531180551889849 0.8381869584453696 0.035629582791715644 0.07307540145127903
5 0.2552123891985166 0.8720932216922137 0.03985343262955983 0.04667659255827132