5 0.6937014229195191 0.8059354439051862 0.01416249394987581 0.017351132001908808
5 0.5124741488172182 0.8041382285964577 0.029987481849627427 0.051907945337363516
5 0.44766676025353663 0.7986427539385936 0.02530907220870695 0.053415901336727065
5 0.32598265779420865 0.7672483979551383 0.015770445745273864 0.02518181333545435
5 0.32128606743512905 0.7688654419557748 0.009502265027114643 0.02198408800127254
5 0.2722758748131131 0.8678665632956836 0.03322156615858276 0.0706943080044546
5 0.1577411970218201 0.8160778913112738 0.017332945745273866 0.025199994668999894
5 0.28899574220135993 0.8137694092934563 0.02687157220870695 0.05343408267027243
5 0.6014821066627405 0.8124768925843675 0.011028403590796288 0.015752269334818436
5 0.592924718099059 0.8063268899188675 0.017332945745273953 0.025199994668999894
5 0.28308610978599846 0.8896142939608656 0.034756795081343925 0.06602498933799979
5 0.4648860765103153 0.7929740092695938 0.022165891490547728 0.05025453866963616
5 0.49932731342810827 0.6098069732654576 0.9986546268562165 0.7803860534690846