1 0.31484375 0.8125 0.07890625 0.115625
5 0.27421875 0.86015625 0.11171875 0.2796875
5 0.3921875 0.76328125 0.04453125 0.16640625
5 0.3484375 0.75546875 0.03515625 0.12578125
5 0.42578125 0.76484375 0.02578125 0.1515625
5 0.47578125 0.7828125 0.0515625 0.16015625
5 0.90390625 0.7265625 0.0234375 0.08828125
5 0.20390625 0.71640625 0.015625 0.07734375
5 0.5109375 0.77421875 0.03125 0.15546875
5 0.1375 0.73046875 0.03203125 0.1
5 0.228125 0.71875 0.02421875 0.08046875
5 0.3640625 0.7546875 0.0234375 0.14453125
1 0.334375 0.73046875 0.01796875 0.040625
4 0.4890625 0.76484375 0.01953125 0.02890625
5 0.3140625 0.73046875 0.03203125 0.0828125
4 0.15 0.73046875 0.009375 0.02578125
5 0.85 0.7265625 0.021875 0.0828125
4 0.33515625 0.74140625 0.0171875 0.06015625
4 0.74296875 0.71484375 0.009375 0.009375
5 0.50234375 0.8125 0.9546875 0.37109375