1 0.8975794995385747 0.1560154371003773 0.13569287785160639 0.21775233603812652
4 0.8871939096253225 0.2084819180256538 0.09763406847545256 0.11095686525911966
4 0.899251423504983 0.11774782386985247 0.18753717766703631 0.14998418344033876
5 0.15810148519748873 0.43112944886490956 0.18252590992986423 0.31533644805083527
5 0.2875479557401245 0.39609415544045684 0.2358115962347737 0.2944160219140972
5 0.8531486651808768 0.6788626018730296 0.10672487353266966 0.3015273181812191
5 0.7562736651808768 0.6805535612879507 0.045130829734219446 0.07102161201270896
5 0.7155485356312274 0.6828251733006596 0.03928134793281668 0.07716251785690745
5 0.9332076025655205 0.7203858543086616 0.05342059839424209 0.2490920649348082
5 0.923080433379474 0.6713989293897396 0.03681768198597268 0.06307274431795698
5 0.5229080575304526 0.5714724362863031 0.054685104872647015 0.12269320616851012
5 0.04747592034422231 0.5603141627440575 0.09495184068844462 0.1141364123370204
5 0.5579641779808032 0.5724212816599205 0.047433809376153845 0.10695911201270877
5 0.031106249229420256 0.3095289586041422 0.06221249845884051 0.3200045827917156
5 0.10991670419896497 0.5498073108776185 0.04633238433001132 0.08977161201270896
5 0.4464444895164254 0.5103770235422457 0.08853847316352947 0.16386367694751697