6 0.3234375 0.7331696863824873 0.0953125 0.09082838584218215
6 0.67265625 0.5531771738534335 0.059375 0.07551092068857254
6 0.78203125 0.7163716330165933 0.2984375 0.3760466671451935
5 0.6046875 0.4929911528020412 0.0921875 0.14384425843752044
5 0.6234375 0.6834896672300115 0.08125 0.15283731252120453
5 0.72265625 0.8596107123280209 0.109375 0.16163195916316014
5 0.2640625 0.7006275156939147 0.115625 0.17278771397248321
5 0.2265625 0.5227554868379741 0.0734375 0.15568949400955018
5 0.78671875 0.41184782412358595 0.1109375 0.1757490228654907
5 0.8453125 0.440456462960993 0.084375 0.13732143992586626
4 0.72421875 0.9104465260303517 0.0515625 0.05648810217691817
4 0.60859375 0.6673463120578683 0.0203125 0.035084328130301046
5 0.28046875 0.5660441845683886 0.0921875 0.15165675843752044
5 0.84140625 0.5114138037051659 0.08125 0.14658731252120455
1 0.86796875 0.4326538866447904 0.05625 0.07383929328391084
1 0.8234375 0.37875507112836104 0.04375 0.037465283665263985