4 0.33392940064739096 0.4525872529406761 0.07269735376405224 0.10047803482570909
5 0.18813012790997793 0.5678105404799186 0.07559154349765969 0.20977114767057933
5 0.34580731813787696 0.4480668492772029 0.15492621642535304 0.24355300542706698
5 0.882244883841477 0.5033685871798736 0.06032468775644091 0.10294793758467105
5 0.4894936511416826 0.4420957310052658 0.10597938045579802 0.22851450361804454
5 0.5784434046017237 0.4210628567404348 0.12533687551288217 0.20614153663473136
5 0.6504882064651593 0.5661872489839472 0.06268036661563361 0.16076043758467104
5 0.778755127909978 0.5368571958408724 0.06724053262324467 0.15788109905006031
5 0.7573138680241461 0.5847557852799943 0.034242348821136304 0.07507524310259513
5 0.853164878898561 0.5282800559722093 0.04829953163466172 0.15221095318850325
5 0.5853353917501425 0.48150903380965626 0.15916273026551764 0.3092598925821967
5 0.18299034726389954 0.7130820969023537 0.043200854752635465 0.10360967887824372
4 0.7772417074537424 0.5548668894184373 0.027928681824942105 0.0731851944820761
5 0.2155521323586022 0.5453247088427128 0.05018036661563361 0.16010534034363316
5 0.1272350957810248 0.72302034090946 0.03303267589344294 0.04538774310259512
1 0.5755438976816414 0.45395724389556447 0.052228344866803764 0.0573078889641522
1 0.4919209727767816 0.4973188195398765 0.05838018577927464 0.09349105042954128
1 0.506697102701107 0.67039114936806 0.019577670950527093 0.021295145861557074