1 0.04296875 0.64609375 0.053125 0.02890625
1 0.53515625 0.60625 0.05703125 0.07734375
5 0.934375 0.465625 0.121875 0.36484375
5 0.853125 0.7609375 0.25859375 0.196875
5 0.4125 0.47265625 0.21875 0.6546875
5 0.3015625 0.43359375 0.03203125 0.034375
5 0.653125 0.4625 0.03125 0.06171875
5 0.271875 0.428125 0.05625 0.15703125
5 0.165625 0.44765625 0.0421875 0.07734375
5 0.59140625 0.42265625 0.04453125 0.15625
5 0.05546875 0.42578125 0.0578125 0.17109375
5 0.025 0.42421875 0.04453125 0.1640625
1 0.63125 0.6125 0.05703125 0.0484375
1 0.221875 0.60546875 0.0359375 0.04609375
4 0.78125 0.46484375 0.015625 0.0359375
5 0.803125 0.478125 0.1 0.2890625
5 0.1515625 0.409375 0.040625 0.10859375
5 0.54609375 0.46015625 0.03515625 0.0625
1 0.3625 0.6203125 0.09375 0.07265625
5 0.5 0.471875 0.996875 0.3546875