5 0.5047326193114756 0.4259578040658606 0.30424246773989905 0.42987150270527097
5 0.4480265851938571 0.11374815806013361 0.1116781703877141 0.2183692866804539
5 0.6480779350700226 0.0668838907542687 0.07428087014004525 0.11954997867599956
5 0.5132320541766104 0.088739614735815 0.06014559553293921 0.11782384667409058
5 0.537395146194893 0.07106176607254212 0.06970037799792798 0.08826361600890868
5 0.23865816314900384 0.4970402740292714 0.28756008188408816 0.373457870703362
5 0.342050566996892 0.13515898671227064 0.12247012117350246 0.21537155601527203
5 0.5723694596771285 0.06756459607731462 0.05727315260503403 0.08968066534054513
1 0.37553107857431933 0.6360584153803159 0.10632708271265771 0.06994996801399936
4 0.46257708271265774 0.07409531206236077 0.05832623035529281 0.07876134667409056
5 0.23538534408519723 0.17530163403086224 0.03928513192686944 0.07229317067154524