5 0.2804397021113204 0.1342921450065892 0.0613659683433748 0.11440793364502548
5 0.48910559009861154 0.17369903688992042 0.04719437418757337 0.1080761204133089
5 0.12568401826394457 0.13909834055547135 0.05306254464226869 0.08623748184962739
5 0.6456771440763711 0.24387466062287905 0.04050799756436803 0.08303975897699045
5 0.2204374107154626 0.17057507865161464 0.08638533360249454 0.20516928903121973
5 0.3013073555198871 0.05856595804191402 0.050510288960225844 0.11713191608382804
5 0.14385377110661363 0.3959977803488169 0.01819662094116259 0.05791249394987581
5 0.16748218587926603 0.3849239249626226 0.02126707386326192 0.05480567466803503
5 0.6864952386392096 0.41158888056864973 0.02159435633066593 0.07355567466803503
5 0.1087380259745823 0.08102274102300956 0.06689894805083538 0.16204548204601912
5 0.17872719764709355 0.14347676834676434 0.05358074188232513 0.11592498184962738
1 0.22530614285855513 0.20491826239483596 0.03250458279171564 0.0720568071815924
5 0.20508119196505067 0.11051427742195066 0.04768529788867957 0.1362011204133089
5 0.5943253295486001 0.45587066657480746 0.008276150162155816 0.026607951795397967