5 0.24140625 0.21328125 0.0890625 0.15859375
5 0.303125 0.209375 0.075 0.16484375
5 0.3703125 0.09296875 0.05 0.14140625
5 0.82109375 0.153125 0.0640625 0.1125
5 0.8984375 0.17734375 0.0625 0.15625
5 0.309375 0.68359375 0.1515625 0.24375
5 0.27890625 0.11015625 0.040625 0.11640625
5 0.69453125 0.19453125 0.0703125 0.14765625
5 0.56328125 0.04609375 0.0359375 0.04375
5 0.92265625 0.02578125 0.040625 0.05
1 0.359375 0.26328125 0.0359375 0.05
5 0.81640625 0.0375 0.0328125 0.04765625
5 0.75078125 0.0375 0.0390625 0.04375
1 0.87578125 0.23515625 0.0390625 0.04140625
5 0.4421875 0.046875 0.0203125 0.02734375
4 0.65078125 0.20390625 0.0203125 0.02109375