5 0.665625 0.59453125 0.03203125 0.14609375
5 0.17109375 0.69609375 0.0921875 0.30234375
5 0.3078125 0.703125 0.10078125 0.28828125
5 0.7046875 0.59765625 0.03828125 0.1359375
5 0.7296875 0.59921875 0.02421875 0.11640625
5 0.759375 0.59921875 0.03046875 0.11953125
5 0.91328125 0.60703125 0.02421875 0.103125
5 0.63046875 0.59609375 0.034375 0.12734375
5 0.76640625 0.58125 0.025 0.10703125
5 0.4015625 0.53984375 0.01953125 0.04140625
5 0.0453125 0.3375 0.01640625 0.06640625
5 0.23515625 0.328125 0.015625 0.059375
5 0.61953125 0.63671875 0.0421875 0.05703125
1 0.70546875 0.57109375 0.0203125 0.04296875
1 0.62421875 0.5703125 0.0171875 0.03984375
5 0.51640625 0.53359375 0.8484375 0.25859375