1 0.28128190121361174 0.69700145245492 0.04418771751493065 0.08741071996293322
1 0.5159465355222922 0.6340748334029607 0.033467116641249996 0.029270837748947898
5 0.3917466225282644 0.6728149295894292 0.11806424145062522 0.24299108656782167
5 0.16536857332569516 0.8230232938320651 0.01006598423243057 0.030014882213985315
5 0.6276282647207296 0.5949899968351391 0.12071515634451409 0.15565477767481434
5 0.97306086597566 0.5662250682572003 0.05387826804868005 0.1929166754978958
5 0.45969784194305613 0.7032811903892023 0.11421319604777799 0.278764895460829
5 0.886967550339931 0.6179909540993824 0.07416615824437507 0.1009474303072194
5 0.7958334040634033 0.5992806488345721 0.09971297853284736 0.19239088584218217
5 0.9001695330537502 0.7369765670760738 0.19966093389249942 0.30553078130301115
5 0.7269749545002436 0.6306149835882952 0.09847778685347244 0.2063988221398514
5 0.7994143053739242 0.6859448351322412 0.06301175911805572 0.15832342068857255
5 0.5693462520872924 0.7448015130772079 0.014935322188333443 0.03799107332097762
1 0.8555532429692366 0.5784299462948341 0.052435322188333446 0.03930060217691818
5 0.9222134128971184 0.5534274570946074 0.1010209053945836 0.1815079495445131
5 0.34052961464447973 0.6894592817663474 0.08561411094166686 0.19033731252120453