5 0.8438918518240669 0.5212011052483397 0.008576503954332538 0.019113873035529316
5 0.7559780163488033 0.5069694772504117 0.01814250494291585 0.024238020678164496
6 0.4881379644481868 0.2488679170779453 0.23308039133021285 0.2853339942090317
6 0.33619346247102044 0.2324337801886771 0.12492569863085601 0.15709337014004515
6 0.6699609674139363 0.27137227150222476 0.1915640533834914 0.2615668544242794
5 0.24991240566466894 0.35395771567298445 0.1576055474519924 0.2319135876750565
5 0.8727026013297754 0.5202036854797981 0.011765170950527093 0.020821922249741043
5 0.744354766843095 0.5087674176971179 0.018333505931499162 0.02892552067816432
5 0.8147946008354839 0.5151672750168814 0.019641337946721647 0.022748295285270358
6 0.4649816487445867 0.3312244987571457 0.20021485870696817 0.1294093258882322
1 0.3523224812541007 0.32207847704552395 0.09686968281352515 0.08092897642635144