5 0.04609375 0.63125 0.065625 0.17734375
5 0.165625 0.61171875 0.0515625 0.16875
5 0.21953125 0.621875 0.053125 0.13984375
5 0.7296875 0.56796875 0.0265625 0.1
5 0.36171875 0.59921875 0.0421875 0.13984375
5 0.39765625 0.60078125 0.0390625 0.13125
5 0.440625 0.58671875 0.040625 0.14140625
5 0.503125 0.58046875 0.0484375 0.12890625
5 0.53828125 0.578125 0.0359375 0.125
5 0.31953125 0.60546875 0.046875 0.14765625
5 0.5765625 0.57734375 0.0421875 0.11484375
5 0.2734375 0.603125 0.05625 0.15625
1 0.46953125 0.75546875 0.0640625 0.06640625
1 0.9421875 0.61328125 0.034375 0.01875
4 0.18671875 0.75390625 0.046875 0.075
5 0.67265625 0.5625 0.0359375 0.11640625
4 0.12890625 0.75390625 0.025 0.03515625