5 0.2390625 0.746875 0.0109375 0.015625
5 0.41328125 0.7859375 0.01796875 0.04765625
5 0.4765625 0.7953125 0.01328125 0.05
5 0.103125 0.9546875 0.0765625 0.08828125
5 0.60078125 0.79296875 0.009375 0.02421875
5 0.6046875 0.7953125 0.00390625 0.021875
5 0.628125 0.90078125 0.01640625 0.06796875
5 0.75 0.878125 0.0125 0.0234375
5 0.62421875 0.84609375 0.01328125 0.05
5 0.325 0.7734375 0.00859375 0.01328125
5 0.33515625 0.76953125 0.01171875 0.02265625
5 0.61171875 0.91953125 0.0203125 0.0625
5 0.4609375 0.7859375 0.009375 0.0484375
1 0.20625 0.978125 0.021875 0.04375
5 0.5 0.671875 0.996875 0.65234375