1 0.22991281820168624 0.7233065103115821 0.08053290339440444 0.1499537683452644
4 0.7266469176359521 0.7280274335232303 0.05507838544042354 0.07037268415851479
4 0.3986900892789251 0.737822578572142 0.012772710772388507 0.047603042093374806
5 0.8045401134794219 0.6927339466068226 0.10054646330647117 0.3682333314853265
4 0.41173603170454925 0.960685412970653 0.02551815046753827 0.07862917405869396
5 0.9344548724564123 0.739349883325586 0.10691463797450637 0.3889098525320138
4 0.7362259298343965 0.6294002177240972 0.02542724687674198 0.0748935841867496
5 0.5925219025106416 0.7631697310194513 0.11974189090137255 0.44588789462538864
5 0.4180668031745716 0.7123976443430401 0.10826805971567506 0.35306335779368575
5 0.2708468904103932 0.7687870683311469 0.15744187880112417 0.4624258633377064
5 0.4997627516503201 0.910685412970653 0.2027351563212708 0.17862917405869397
5 0.7025236164062882 0.7430231019673166 0.11953281264254123 0.4099503946253886
5 0.308305983794535 0.7739505233951747 0.08834644515609877 0.4190677893919517