1 0.778125 0.70078125 0.0734375 0.13984375
4 0.29140625 0.69375 0.0515625 0.06484375
4 0.6140625 0.71015625 0.0109375 0.04609375
5 0.2140625 0.65703125 0.084375 0.35234375
4 0.61015625 0.934375 0.021875 0.0875
5 0.0890625 0.7 0.0890625 0.37265625
4 0.278125 0.596875 0.021875 0.07109375
5 0.42421875 0.73125 0.1 0.42734375
5 0.59296875 0.68515625 0.0921875 0.3375
5 0.74140625 0.7625 0.134375 0.475
5 0.521875 0.89921875 0.190625 0.19765625
5 0.315625 0.709375 0.1015625 0.39140625
5 0.703125 0.74765625 0.0703125 0.40390625