1 0.90234375 0.8140625 0.1203125 0.21015625
4 0.8953125 0.7625 0.08984375 0.1078125
4 0.90078125 0.8515625 0.17578125 0.14453125
5 0.190625 0.55703125 0.16015625 0.30625
5 0.315625 0.58828125 0.2140625 0.28515625
5 0.890625 0.3015625 0.0859375 0.29453125
5 0.79609375 0.3015625 0.03984375 0.06875
5 0.75625 0.3 0.034375 0.075
5 0.97578125 0.259375 0.04375 0.24296875
5 0.96015625 0.3078125 0.03203125 0.06015625
5 0.559375 0.41328125 0.04609375 0.1203125
5 0.08671875 0.4328125 0.0921875 0.1109375
5 0.59375 0.41171875 0.03984375 0.10546875
5 0.0390625 0.67890625 0.078125 0.3125
5 0.15078125 0.44140625 0.03984375 0.08671875
5 0.4796875 0.47421875 0.07578125 0.159375