5 0.6747603586091845 0.40366061361913375 0.04705790802036276 0.1513184590920577
5 0.18661656329568355 0.2718198610453442 0.12394876670908897 0.31600073620994645
5 0.32484326929504725 0.27248378760923697 0.13003513470717998 0.30212009263643713
5 0.7146041086091846 0.40250127890025533 0.05319882001908986 0.1421253155185484
5 0.7403762679424117 0.4025323711409811 0.03577496268299925 0.12131271034569906
5 0.7708268366088663 0.40320832106183885 0.04362382535009015 0.12466503087881228
5 0.9262137706079118 0.4057158924528821 0.035611330681090084 0.10725021034569907
5 0.6396586526098208 0.39999605601814403 0.046839732017817326 0.13256845909205772
5 0.7752870699395482 0.42260317874197073 0.035647693348181166 0.11037521034569905
5 0.40329389127150284 0.4435798861181689 0.023946577339272503 0.04443196159934022
5 0.02395019458150392 0.6264344678675464 0.02423747867599957 0.06943196159934022
5 0.21426611191123132 0.6474503468595793 0.022584072008272393 0.061573997492717504
5 0.6323370486155478 0.35803587655125746 0.047584072008272395 0.06230142319868044
1 0.7127325259389119 0.429109243006878 0.023964758672817867 0.04599446159934022
1 0.6307649106063209 0.4260273586045688 0.022347714672181596 0.04126149749271768
5 0.5179558279360484 0.45586327428140183 0.8820158053787251 0.3599258279219468