5 0.04374115530315331 0.24717883688817271 0.08748231060630662 0.29581229991529534
5 0.12909552125804175 0.28611326329535397 0.15406113749381403 0.23484397881213823
5 0.7192347631174414 0.46904498755169205 0.1224570126631562 0.345159852532014
5 0.3959610374277009 0.48475807671776483 0.12322721732199753 0.21123987884037304
5 0.8036949722988386 0.47736645079057627 0.1475189676606817 0.43696792093374787
5 0.06291167853955952 0.5145182553322589 0.12582335707911904 0.3022134893354821
5 0.9430097778167624 0.49417597724010986 0.06812363749381412 0.22983868942018654
1 0.4438961691557637 0.6252773899284142 0.16927005766563052 0.25753802616718496
5 0.6241668453204741 0.6482690269436437 0.30939924920703066 0.6426704313159174
5 0.31886186963073354 0.6629355556004903 0.5550392978275495 0.6632082573983975
5 0.7007769329505736 0.6726250138600512 0.3905872942095048 0.5570507207078691
5 0.4049697879935278 0.6844017609468667 0.43350513455313794 0.6031668575113371