5 0.9241024267441855 0.2186773709127438 0.11932500308231901 0.30389002583555563
5 0.8309043368309332 0.2689299844198618 0.17645758019564467 0.24593336189159737
5 0.21060711906607468 0.5228608442241669 0.15397940777039593 0.3577423776591669
5 0.5443405714101132 0.5040264573500352 0.14370563695090494 0.2217685100679862
5 0.1218554996954582 0.5403555091180557 0.18977481029900445 0.4537458618915974
5 0.895241737356957 0.49811029777447996 0.16826315083056542 0.3128299211621529
5 0.009599835751199114 0.5740011976632987 0.01919967150239823 0.2355023953265974
1 0.4869216903193044 0.6552609958190282 0.19514702344038462 0.2697709053945834
5 0.29868121067736997 0.6809792026972918 0.36927824490587097 0.6380415946054164
5 0.6154076357235125 0.6659919419637154 0.6246060949981562 0.6680161160725693
5 0.22191936304909504 0.7194591680280208 0.4438387260981901 0.5610816639439584
5 0.5235112299557014 0.6977140674386807 0.49393828346253377 0.6045718651226386