5 0.6398410217860109 0.5024726613621805 0.4296820435720218 0.995054677275639
5 0.13194890323039205 0.7277533773472267 0.11180225201434739 0.4057965613462722
5 0.22934387357289682 0.5883283453612259 0.121309903193211 0.3325045120146356
5 0.3434581117098987 0.5334328547103617 0.18487629056909113 0.5893726773551808
5 0.08720811170989871 0.5296875 0.16957753170902368 0.940625
2 0.155586744105682 0.36882382001909003 0.146604380455798 0.22503745735199915
5 0.42363770163378656 0.5656010120544066 0.09569709094965209 0.4321590666772723
4 0.15383187901010426 0.6132187100174992 0.08226335475263546 0.10247156667727228
2 0.6864865756266129 0.36641172342454126 0.05780718281352506 0.07719884667409058
5 0.47013069965662024 0.55677145206077 0.13200595855386865 0.5950045120146357
4 0.19844138345872855 0.6348215373567717 0.04017401384016441 0.06606135200509052