5 0.38203125 0.4983163427949665 0.5609375 0.9954509389095827
5 0.8640625 0.8022680445903646 0.16875 0.39546391081927085
5 0.7859375 0.6522287006170477 0.1671875 0.347847668421519
5 0.67734375 0.5734719206610143 0.265625 0.6109203610435351
5 0.89296875 0.5718174753085239 0.2140625 0.8563650493829522
2 0.890625 0.4419002546753821 0.1765625 0.24790221057599685
5 0.59140625 0.5909407009116354 0.15625 0.4399715359079618
4 0.859375 0.6924996974937898 0.0953125 0.11461701190385672
2 0.3515625 0.334857830792914 0.06875 0.08633747579950324
5 0.54609375 0.5727083304983264 0.2140625 0.6074953791939077
4 0.81015625 0.7054946011827818 0.05 0.07216589149054772