5 0.27672290021225676 0.5030029795460289 0.46222002312661753 0.9939940409079423
2 0.8419425917589536 0.7629622482176333 0.1858301850682917 0.3687907670887588
5 0.6162953423772624 0.5637876476636373 0.05754928901808824 0.14359688730530315
5 0.5689604649870814 0.518741920624891 0.15221185841639126 0.5986313797834558
4 0.7513934307493552 0.46946464931299003 0.0711716980251019 0.11280152837152997
5 0.6746399660668156 0.5007624619285447 0.14377759715762436 0.637375631037097
5 0.7494304125507579 0.4631691852063673 0.11974411011443423 0.3840233105039836
5 0.91640625 0.5121161844149446 0.1671875 0.9757676311701109
4 0.9240265877537841 0.2773550203209571 0.15194682449243188 0.1279384465556454
5 0.5053182695828733 0.5356051602000497 0.05416347316352947 0.16377299498543502
4 0.5061217011074207 0.42645748073316314 0.0577309592838688 0.07342077962517113
4 0.7511140260612782 0.41643057752623536 0.03791910703211539 0.08064224623907634