5 0.37444847063314174 0.5041762449116174 0.44172805873371657 0.9916475101767652
5 0.9299222866935288 0.411345688034897 0.11640781264254159 0.40910276232447185
5 0.7838143802740621 0.5404489326078301 0.12536465612487896 0.3377190852552504
5 0.6627024495559029 0.5372276780852744 0.192462294295777 0.5942833457707
5 0.9148825730924699 0.5523735639972086 0.16952580580685037 0.8952528720055828
2 0.8207138956939601 0.7799551679085089 0.18766466822512734 0.30661957146044044
5 0.5887018681738138 0.49583803821661104 0.09935666802873566 0.43163950361804454
4 0.8785228922761146 0.51493435549318 0.08184996369925486 0.10738313206674696
2 0.306897356269957 0.5764108502932558 0.10207156010845857 0.09282266508343398
5 0.580440437161067 0.3039404652858325 0.09350560206654457 0.23139384215265535
4 0.8184620910464506 0.49537545002068467 0.04101588544042371 0.06931656603337366