5 0.3053687411210491 0.5 0.6072411416449227 1
2 0.7606036362739156 0.1684922139310955 0.24933227254783114 0.336984427862191
5 0.6164922753978228 0.39503262324877814 0.08247328243518837 0.1553293091359686
5 0.5875038979259836 0.45143975350650295 0.2574389755337087 0.6315310402527761
4 0.7878863101787996 0.44642694764989466 0.09133483020561535 0.1262150192218769
5 0.7002934750295058 0.43847168475959597 0.2538112309815904 0.6687034916322571
5 0.7891592330752774 0.4534172540723299 0.18745498542106595 0.40991498982323477
5 0.88984375 0.4326941547951269 0.2203125 0.8653883095902538
4 0.976026176502774 0.5866038110605919 0.047947646994451885 0.146773180687266
5 0.5163555176041527 0.45438436906490665 0.08233117080279087 0.17555992198083886
4 0.5613945020168124 0.5602315773417926 0.07130655347041034 0.08468926051544959
4 0.8103511720632985 0.4985693017883377 0.051321835401395434 0.08831222749876275