5 0.6560932827924938 0.5145898334348472 0.5956143722236833 0.9708203331303056
5 0.10917258383211215 0.5994178115356221 0.15867198590206022 0.41133562307124427
5 0.24819734980415173 0.4847113687523077 0.1768999224148871 0.3440875663159842
5 0.37066434565496686 0.5003339736249547 0.28201808798129696 0.602719691546697
5 0.13704636225170636 0.45426480027685523 0.2740927245034127 0.9085296005537105
2 0.2119359280139645 0.2421536289313405 0.23269963652211575 0.321229859653009
5 0.4435107724195316 0.5485397385843495 0.1648986751141795 0.43194851172019233
4 0.1514766377715156 0.5010594571244005 0.09723204274124866 0.11351988433001133
2 0.7295890597621955 0.49690139959394786 0.1134723493799445 0.10212130937615385
5 0.4510426203495834 0.7402766556109276 0.12834217801396441 0.2367966980251019
4 0.21329047615379793 0.5267894447858993 0.05208456348717298 0.07175388648947952