5 0.9035602226837172 0.5195601532132471 0.10617286238870208 0.20483134215265544
5 0.8624271242928714 0.5256364128241857 0.08509553788306974 0.1928293091359686
5 0.8505062784999158 0.5121471229100939 0.07277050050420328 0.15015048620519006
5 0.8197808023851294 0.49885922885755923 0.06397465471124733 0.1356785504295413
5 0.7206384620400554 0.5275784503634282 0.3675673644055145 0.8038774310259503
2 0.5805211964527153 0.6431292865231898 0.08937884629715871 0.16503185775648746
4 0.7075543179724697 0.39653316825125257 0.11044546312533612 0.11009205223856355
5 0.5853622437189392 0.4656660278167625 0.15674058096191992 0.3491479081860289
5 0.5423228018809263 0.3659869323847468 0.09515895273377595 0.1809025192218769
5 0.4501731427302034 0.4947061538906158 0.27117369360272364 0.6275805246489439
5 0.28337912663866005 0.47734375 0.5667582532773201 0.9546875