5 0.21199125382743073 0.49855024653995883 0.4164606359186479 0.9971004930799177
2 0.6272562041439999 0.35289828205459106 0.05017715940862679 0.1690338428896374
5 0.5746838189502678 0.5774327084423256 0.06645068025830944 0.2992306788591925
4 0.6621778072717852 0.6277099396592453 0.08837584138279589 0.14093801779449713
5 0.7126277513201482 0.45265284952539275 0.20601121773453226 0.9053056990507855
2 0.41340665281121636 0.3811200770351255 0.038193984956305195 0.13265067391627666
4 0.5564339241231172 0.5610092123966582 0.031960705331134064 0.07933467292769336
4 0.9523290973217977 0.4980582958575745 0.08661269688484978 0.77761034684397
5 0.4960934691876946 0.4893371422444339 0.1375266760351673 0.6501511917107738
4 0.421388985880742 0.4822369080617648 0.055063236209946353 0.12241351087441502
5 0.886712457509212 0.5272629761996417 0.09099134217421892 0.44537084980971964