5 0.9383210109694092 0.5774719140407246 0.11323415389834963 0.2006181444174139
5 0.8359127735832809 0.5538440373808997 0.20441474772256535 0.48546584308955404
2 0.8701737008952755 0.6622605253788472 0.07314981252120453 0.08165906615858276
2 0.6245784586998238 0.6332144165748074 0.0980803798517325 0.1692863311856975
4 0.7114435085223385 0.41313319985049046 0.11757442431676957 0.1459670058537325
5 0.5393328955456471 0.42976268452878824 0.06266866950744614 0.13939884328594587
5 0.6433829892850448 0.38852408529091403 0.08708831614940156 0.16766019867214013
5 0.5692684214063627 0.5038223532448949 0.13511413229880312 0.3350931383672899
5 0.44118062694132554 0.5280098078689635 0.29391873574166566 0.6328317224798534
5 0.238134983294595 0.465625 0.47626996658919 0.93125
5 0.7050720013507623 0.5663263775435876 0.3374554593327961 0.7611839814568441
5 0.9800421971822605 0.5865378418320175 0.039915605635479065 0.15971134328594588