5 0.708770233156905 0.5046688202265864 0.5824595336861901 0.9721561146756482
2 0.3558813606097724 0.6765359140676259 0.09156937056996632 0.18000051779449713
5 0.3505067469970694 0.42433674410568206 0.13910489825029515 0.3129695266917457
4 0.2485595864266657 0.39122847235685215 0.12036553262324476 0.15933519072219057
5 0.24327788433576858 0.549901840912471 0.42429952380035835 0.9001963181750581
2 0.562858213879533 0.5902813735728968 0.0712913626613009 0.14173651384016459
4 0.3726536610275143 0.4377599155505007 0.05031301779449713 0.0862850098858317
4 0.0627135642207253 0.5737995973382616 0.1254271284414506 0.7850991946765232
5 0.45161164916451624 0.49732059935260897 0.2943733073750051 0.678074556349241
4 0.5411516516359741 0.48923086813568933 0.08503552768032882 0.134497016805914
5 0.09240113384147701 0.5554607742202877 0.07071835969555132 0.1276740138401644
5 0.07027405482918514 0.539025349315428 0.14054810965837028 0.5374256986308559