5 0.13747064539937265 0.5389144167937499 0.07774424668035032 0.2049070119678472
5 0.17883598878351437 0.5449819256274651 0.058939704525872605 0.19509560087368066
5 0.1914087116561513 0.5321909848980206 0.052435174471643274 0.15120013050895836
5 0.22273597970832806 0.5181823830744096 0.046103361239926775 0.13699216014423624
5 0.3225450821676561 0.5486673572388538 0.25938721564416234 0.8137404173624306
2 0.46245648897990604 0.6680505240326038 0.06813289734428025 0.16406380642076393
4 0.3397240126894236 0.41547299753145805 0.10058178298109555 0.10232752583555574
5 0.4619393802740621 0.4883993916237843 0.10829533079291398 0.35403549620027785
5 0.5094007084346975 0.3865271138883676 0.07135789129415607 0.18132404160312507
5 0.5992439375538503 0.5187927935998953 0.1849225050681655 0.6354686405769445
5 0.7776416483262389 0.47940951738309 0.4447167033475221 0.95881903476618