5 0.8628182694703824 0.46872967127206466 0.07958231648875014 0.1981841298696164
5 0.835710908813056 0.47936320820369566 0.05905161094166687 0.18845457386326192
5 0.815398408813056 0.47971776421005013 0.05338218597979179 0.14618525324641088
5 0.785056945382188 0.48571834821958165 0.056216245250347185 0.13373980032431163
5 0.6925051162600003 0.43809510024817666 0.2634599279990978 0.7839694456152033
2 0.5712821200597225 0.3339178892084024 0.06929812670923621 0.15895798863591432
4 0.6884021105604171 0.5976064679429284 0.0975672906531944 0.0985386858759707
5 0.5586399157469101 0.495923011367381 0.11101676728618096 0.3408625535707223
5 0.5163452726045143 0.5927940572274657 0.07278680262104195 0.17463753571381488
5 0.4250636963321185 0.46542876217815987 0.18765722815159763 0.6139648628234877
5 0.23929050370281293 0.5093129500827256 0.47734450930548683 0.9813740998345489