5 0.7815273899284142 0.5111045040286948 0.43694522014317166 0.9717847470714315
2 0.397540984850269 0.6904511754363325 0.11721540500755809 0.27288835475263545
5 0.592547460890397 0.40786546300249304 0.1359191733528224 0.35314885771838506
5 0.37893301094686677 0.4586772520143474 0.12426904181102608 0.3137043557412186
4 0.2984411451194989 0.41545915121604465 0.11673101564384121 0.15751802273741297
5 0.2933378742139858 0.5603737673002056 0.3750374833679384 0.8792524653995889
2 0.6212283848079168 0.6549288053978388 0.09118498407380997 0.14712435079830274
4 0.4105547372693434 0.46701367543633243 0.04710178413027979 0.08609400889724857
5 0.12027194354290838 0.5840460306460784 0.24054388708581675 0.6527270464634093
5 0.0661956054451985 0.6609640163116224 0.132391210890397 0.5563030326232447
5 0.5155614847090947 0.5464703651699399 0.2555161257154269 0.6401633794672147
4 0.6457032819935542 0.4632824748654912 0.07942843671876361 0.13261618182494192
5 0.047583571385505806 0.352769514334456 0.0431577367752332 0.07190417490485981