5 0.9261741310841369 0.5095077092202643 0.08775691882984234 0.19424087939029935
5 0.8120979943146619 0.5093900554330765 0.12918430843869116 0.4194590480082102
2 0.8451344111159091 0.6115519982514842 0.0638091298696164 0.0753636143631848
2 0.6065219245085898 0.6387240731906656 0.09255351298564349 0.20051815046753826
4 0.6951541818154856 0.38974569682542837 0.09924779788867966 0.13650110226293624
5 0.5278127232113434 0.42666041042648734 0.04302507142762994 0.13773634933607007
5 0.6253365596565071 0.3737439678044714 0.06377394805083547 0.1628545240041051
5 0.5641826456946337 0.49598712734719597 0.08856721671852164 0.33016928903121967
5 0.4421945973989169 0.5349819705349459 0.20923782142433467 0.6199044756031113
5 0.20208206614932886 0.47734375 0.4041641322986577 0.9546875
5 0.7040224415547183 0.5397093353891099 0.23493902515721282 0.7497283309893057