5 0.8253461453265972 0.5522101267106798 0.3493077093468056 0.8955797465786404
2 0.455166810789167 0.3614498613939972 0.12336999050069472 0.26698860001590835
5 0.6427090572737854 0.6674560554184961 0.19735431078916682 0.3584499413589988
5 0.4387469494662505 0.5955703227243611 0.13209168028020865 0.3061420066836355
4 0.33069871333395884 0.6177442200429526 0.11766289152687515 0.15601473734881743
5 0.34403124866881984 0.45231921471195247 0.40368749733763964 0.901329426718634
5 0.06668684545843785 0.41550736867440874 0.12304529502159756 0.38726473734881744
5 0.057170294356007456 0.6106562366724997 0.0672979091943056 0.07263861600890867
2 0.6713743454584378 0.42254354475649586 0.09397081838861113 0.14480451734563574
4 0.04479170203170165 0.3137176020050907 0.048440112841527896 0.13490225867281785
4 0.4595679425323963 0.5840970207272245 0.04883884992375016 0.08492044000636341
5 0.11058623508545191 0.6237744020130448 0.0515274388295834 0.06620680267345413
5 0.20237042553055593 0.4397363040260897 0.19793880508958378 0.5177885786919079
5 0.14966103998760444 0.3227482513526355 0.21094795136611158 0.5398090293602715
5 0.5852933347248616 0.5160475494111781 0.26916180128986156 0.6248385573679075
4 0.7184708170574311 0.6003872814289956 0.09891289152687506 0.15579656134627218