5 0.8649166257071286 0.5898068352935424 0.09657934110137845 0.1988024823325695
5 0.7560879289254372 0.5794486039109035 0.14868741636331534 0.4308889369297223
2 0.8111356978669721 0.48604474923750074 0.06774451089576346 0.07645470364722229
2 0.5898177087627354 0.4057714485163199 0.10170388367602552 0.20516158510611113
4 0.6270399312712256 0.6679999980032297 0.10648993664223276 0.1397547906531944
5 0.4701286495923419 0.5954859523160421 0.05034919728589458 0.1400080573706944
5 0.5533839099839021 0.6694157212177435 0.07095662822814397 0.16700696846486113
5 0.5229912056606423 0.5333320976426393 0.10328779903093484 0.33935474715020836
5 0.41168200108528075 0.46892214589527814 0.23632880003934104 0.6357232137152085
5 0.18828125 0.4965697947372571 0.3765625 0.9931395894745142
5 0.6705435488557078 0.5046830336224312 0.28315951341677864 0.8146483007211808