5 0.8312595805094117 0.492517878211949 0.3374808389811765 0.9765999031980126
2 0.37929416718346154 0.37422031264254135 0.09298374614248868 0.25669542759490127
5 0.5962478231081562 0.7084190924021831 0.055847086674049785 0.11590680113146803
5 0.41893195635843333 0.5971901800307882 0.0970494848837216 0.2957670179539809
4 0.3251738595053507 0.6943373699223295 0.07263406847545247 0.10975679508134384
5 0.2999595157345871 0.4902084061248789 0.3094373796973076 0.9045885478118183
5 0.04650310687984448 0.5659977047222643 0.09300621375968895 0.37718064441741406
5 0.09313331508859168 0.7297198371376258 0.05879281153562217 0.06438066256778666
2 0.6163133058324096 0.3709100020431035 0.07892364126984149 0.13478406615858277
4 0.01085145512181563 0.484515900565734 0.02170291024363126 0.13465680113146802
4 0.4357282325765951 0.5668077884420446 0.03948160703211538 0.07988748789975161
5 0.12773885256552042 0.7385181202169171 0.0459924228866742 0.05962043969514959
5 0.18173474013473423 0.7130413972460843 0.07585919802510181 0.11133747579950323
5 0.11972130321151589 0.4977567648307229 0.1221076465116289 0.39431360226293644
5 0.5368482464562557 0.4767373003459013 0.19646250616463803 0.6040431262670415
4 0.7023533305094117 0.4917679235878805 0.08118704811738695 0.14573065651766245