5 0.79609375 0.4921875 0.4078125 0.984375
2 0.38515625 0.6234375 0.0421875 0.1640625
5 0.42578125 0.39921875 0.05234375 0.29140625
4 0.35 0.3265625 0.08046875 0.134375
5 0.28203125 0.525 0.165625 0.89140625
2 0.58359375 0.621875 0.03203125 0.1296875
4 0.44921875 0.39140625 0.028125 0.07734375
4 0.03359375 0.4734375 0.0671875 0.76484375
5 0.51640625 0.5015625 0.10703125 0.634375
4 0.58671875 0.51796875 0.0484375 0.11796875
5 0.153125 0.44609375 0.0359375 0.115625
5 0.08671875 0.40390625 0.0875 0.509375
5 0.92734375 0.7 0.08125 0.53125