5 0.26015625 0.48730520393156274 0.5203125 0.9746104078631255
2 0.5525480296620713 0.6701787874221533 0.09170617080279087 0.17372974715020834
5 0.5778204533148538 0.44305324296923665 0.1397280435830531 0.30276393692972225
4 0.6792244161880884 0.41411258500920195 0.12153578243518837 0.1541445989738195
5 0.6685879289254372 0.5670654391139238 0.423904481737895 0.8658691217721524
2 0.3559568889486803 0.5943936181598615 0.07044317599857094 0.13735583605604162
4 0.5550713681655599 0.4550440966927088 0.051103314114071985 0.08386716014423605
4 0.8818473995923419 0.6050688125921189 0.208334476037912 0.7707878915268752
5 0.4722317349937374 0.5094575333380906 0.29545242776328173 0.655818814588889
4 0.39694215789021525 0.5006624551658337 0.08395937278026225 0.1298706443766667
5 0.8621411869712088 0.5623539825200008 0.19988928344359458 0.44924019984750013