5 0.8618369246680351 0.5329439970895932 0.27632615066392996 0.9341120058208137
2 0.42942089704969266 0.37195442258748906 0.07805331888905727 0.258923621414212
5 0.649707167734148 0.6436558409138089 0.1363385175611974 0.34219247840045364
5 0.44481513465485667 0.6013517459084667 0.0798430778660478 0.29804068511654264
4 0.3434798936318471 0.6368676052569612 0.0930056323171656 0.14384425843752044
5 0.3330776830558503 0.459977723042976 0.24428036611170062 0.905223246456621
5 0.04807142398066398 0.47580109736759485 0.09281577653818787 0.3797271947351897
5 0.08119806224975792 0.6652009032653774 0.05506020472226432 0.06597222958157989
2 0.6436242976154267 0.4036483998068164 0.07109427088084708 0.13683036660488845
4 0.024065776538187873 0.377326391832632 0.03827268052176751 0.13412202885594054
4 0.4634833214231401 0.5879440103364371 0.034838608313060605 0.08088790145127885
5 0.13435033332699678 0.6717435691446264 0.042532933645025486 0.060848219962933214
5 0.19729017398066398 0.48101193094019157 0.10761459562363695 0.5067807680561673
5 0.13106521028140922 0.3755952554422956 0.11711686065075155 0.5289831502701524
5 0.5739208516737611 0.5058805332019277 0.1613213786047325 0.6086359339354164
4 0.7133287853187866 0.570111702709374 0.07272040339440444 0.1478224303072194