5 0.06722432310690288 0.4848685625212045 0.0742966210079671 0.1930258029025577
5 0.1684685743605441 0.49935270317271013 0.1030199807331631 0.4827976310328587
2 0.1233031753767585 0.6002232332097771 0.05990384890464333 0.0738938569862416
2 0.35639682020390906 0.62556800670824 0.0640578029821361 0.16301092068857254
4 0.31158574003737716 0.3917361545313217 0.0913189849563052 0.13430556733052795
5 0.47573315657214 0.44830115697839246 0.03368834138279588 0.13853671034428636
5 0.3829977387837359 0.38328130298737567 0.05316576708875882 0.16419147477225646
5 0.4323719499873647 0.5140427188666248 0.06593385471063104 0.33477679328391086
5 0.5520335806287503 0.5674901557972661 0.1663958221159591 0.6223710517214313
5 0.8075765384671667 0.5115675048941414 0.3473469230656665 0.9768649902117172
5 0.28766720374828847 0.5418353582521861 0.1827148070722643 0.7540575613400782