5 0.340625 0.26015625 0.06953125 0.13984375
5 0.4890625 0.265625 0.03203125 0.04765625
5 0.44921875 0.2703125 0.0359375 0.065625
5 0.47109375 0.28828125 0.04375 0.078125
5 0.22890625 0.30703125 0.0671875 0.17109375
5 0.1234375 0.3234375 0.0375 0.1390625
1 0.22421875 0.3234375 0.06328125 0.12734375
5 0.15625 0.334375 0.03515625 0.125
5 0.0140625 0.33828125 0.028125 0.1328125
5 0.04921875 0.34140625 0.0421875 0.12734375
5 0.68359375 0.37890625 0.05703125 0.3625
5 0.646875 0.38125 0.07421875 0.46171875
5 0.26953125 0.4 0.17734375 0.46875
5 0.771875 0.4 0.1109375 0.35703125
5 0.50234375 0.4 0.07265625 0.34453125
5 0.565625 0.41875 0.109375 0.48828125
5 0.409375 0.42421875 0.11328125 0.45859375