5 0.32590567010889704 0.2981038820416799 0.10532545496493206 0.15735906134627217
5 0.47944168028792983 0.281935084062679 0.044129534237726274 0.055160214672181594
5 0.4387864019102997 0.29317202872372466 0.05314358883351815 0.07400112133990877
5 0.4663001326319683 0.3083248613939972 0.06341975478036196 0.08817270934118149
5 0.22239874074381785 0.3640368700270442 0.10899067550756784 0.19018974267981753
5 0.11683915561092757 0.3979386080124085 0.07054993676633484 0.15070907200827238
1 0.2204752953396097 0.3827505073599533 0.09504928901808825 0.14318747334499946
5 0.15390835903470018 0.4038346193507264 0.06496127081949092 0.13659202800763595
5 0.052285302279440005 0.42607215133672705 0.05891152991878958 0.13964430267345412
5 0.7044299907438178 0.36964581142581393 0.14338186921373292 0.3857567813494538
5 0.6674807032668891 0.37780320942072326 0.18300317858988677 0.4923885893539081
5 0.2844061898486538 0.45453514803468026 0.29398025138427597 0.5186612827020893
5 0.7994618884920645 0.37855828210531334 0.19826962831303163 0.38951812802354435
5 0.5233592658822455 0.41906291406745144 0.15488057371723976 0.3702772320178173
5 0.5919287931801414 0.4292288020766783 0.22729339913252264 0.5256919853596351
5 0.4337751341731278 0.4586152153882702 0.22382843768918548 0.49598630402608973