5 0.17727174468447474 0.5056962631541796 0.337772069197133 0.9886074736916408
2 0.6032909328349727 0.39497346786527154 0.06959760628614955 0.25796368942018655
5 0.40792528041469495 0.6203697680629157 0.06280097241038014 0.12827618942018654
5 0.6064889331736569 0.6194729389260764 0.06851978516439346 0.2968441788968429
4 0.7121491129564119 0.6887150335655825 0.08829229534115868 0.13910727360693614
5 0.7443021144267499 0.5145641729998864 0.20958511419960751 0.9079020472138722
2 0.40045253787792684 0.3886115338479312 0.06625352103089917 0.13470819994353028
4 0.5909081987774891 0.6045458889401938 0.032219357756487634 0.07976309471009327
4 0.9262038896415206 0.552419030722985 0.13991226481086266 0.6187793630553576
5 0.9838980444366475 0.5397817938065775 0.03220391112670491 0.5275481473268118
5 0.49479343735752845 0.5093783311323907 0.13777655472495454 0.6077508577936858
4 0.395284760288307 0.5129289943853923 0.056223423789861116 0.12166216837349922