5 0.8453125 0.4921875 0.284375 0.984375
2 0.41484375 0.6359375 0.0546875 0.25234375
5 0.62109375 0.43515625 0.0546875 0.1234375
5 0.4234375 0.4125 0.05234375 0.29140625
4 0.321875 0.35 0.08046875 0.134375
5 0.2796875 0.525 0.16171875 0.89140625
2 0.61640625 0.63046875 0.05859375 0.1296875
4 0.43828125 0.4265625 0.028125 0.07734375
4 0.1125 0.49609375 0.10703125 0.6078125
5 0.02265625 0.51484375 0.0453125 0.52109375
5 0.52890625 0.515625 0.10703125 0.59609375
4 0.6453125 0.48984375 0.0484375 0.11796875
5 0.18125 0.43203125 0.02265625 0.10703125