5 0.9471821063273707 0.6038197930778512 0.06429214529089186 0.19538109905006032
5 0.8252525592494699 0.5943075949777304 0.17961277678206572 0.5417381999091428
2 0.9142684204514 0.5068695499752561 0.0638091298696164 0.07827548620519006
2 0.6500871436660388 0.4415090643358929 0.07473872158978559 0.1678293091359686
4 0.6729690848170152 0.6792104601974499 0.09927507142762995 0.14257700361804454
5 0.5139156387947748 0.5998461075293451 0.04302507142762994 0.13962906603337366
5 0.6011213583559656 0.6770061510614813 0.06536372158978558 0.16733798620519008
5 0.5620570840062363 0.5407068029159321 0.09018426379642239 0.33723440637700647
5 0.44768489244822274 0.4722699841690251 0.21088214204118572 0.6339190558566082
5 0.1991616176914564 0.49905273292582975 0.3983232353829128 0.9981054658516595
5 0.7078917353862082 0.533519501920564 0.23658334577406387 0.7648348631835544
5 0.9824069456152035 0.6207926091112247 0.03518610876959301 0.16010534034363316