5 0.10888217983439645 0.584877786120852 0.11526242739850953 0.20824096834337488
5 0.21730321301188377 0.5532947751638033 0.18849189090137256 0.44230805113509036
2 0.20152419778837735 0.661393647322782 0.07392837939029935 0.08565685633066593
2 0.44681851707021814 0.6539867017075786 0.11999537919390768 0.21613528896022594
4 0.30482996320827543 0.42206632021310925 0.11963176483072288 0.15363528896022577
5 0.48381348126045226 0.4322247500032953 0.06333631303532491 0.14484094155801355
5 0.37342542710392196 0.39430378449929426 0.08694652985783762 0.1749375446422686
5 0.4584822040348933 0.5100185133959758 0.13481237899751583 0.3460682508107789
5 0.5914174238824681 0.528794012585197 0.295969089377121 0.6551001517837136
5 0.778125 0.4654578100668395 0.44375 0.930915620133679
5 0.3284361557320955 0.5849521038983292 0.3578883481577197 0.8249138198027769