5 0.9184795863234754 0.5091814796596829 0.08508617349399686 0.20299234882113631
5 0.6281290601562904 0.36439153897467336 0.07445251038216938 0.1542365138401644
5 0.8484632179358588 0.47679474399413885 0.07214655773721575 0.16817167984777565
5 0.7986144073560453 0.5352094218647482 0.11469662073610394 0.33669618676785795
5 0.7064423179076239 0.5123396076440229 0.28391268345264303 0.8065523834215474
2 0.583071978318028 0.6395308018262545 0.11054119980235591 0.21182352076024671
4 0.6965752232681177 0.41015502513450885 0.10260833148532651 0.10238485376405233
5 0.5705279337349917 0.47793938581864337 0.12020316809115048 0.3509496877564411
5 0.5137557470162282 0.35025739619876667 0.05947995776545092 0.13803851087441493
5 0.4231138784168501 0.5418957509514021 0.25666837301400386 0.713473545474826
5 0.24401864164161693 0.4875 0.48803728328323387 0.975
2 0.8252447967903492 0.575628833423735 0.060056810438639016 0.09441584486680377