5 0.07544401033643705 0.46015625 0.14946936441227182 0.8796875
5 0.19547625734121216 0.496875 0.05389387023308556 0.15625
5 0.31294649953666387 0.52734375 0.24707353991016773 0.9453125
5 0.4444221888295578 0.4890625 0.11046136188038318 0.3890625
5 0.48314489373154856 0.38984375 0.07200895317271012 0.1828125
5 0.5826414406436564 0.53203125 0.19891874898850972 0.7296875
2 0.39900553982534975 0.6203125 0.06494049763774737 0.159375
2 0.6825100097882828 0.6625 0.06217759618646852 0.125
5 0.8296875 0.49453125 0.340625 0.9890625
4 0.34545392077339054 0.384375 0.11401291469812272 0.1328125
5 0.1477927254900467 0.49609375 0.05233137023308556 0.15625
5 0.2279068114248962 0.4859375 0.05173116950744614 0.1390625