5 0.2046875 0.4734375 0.409375 0.946875
2 0.61740074329176 0.3374981269154089 0.12032245680090732 0.2752113735787013
5 0.3594914956540127 0.5115704766754126 0.08761410580511537 0.14232327886860804
5 0.5532935701561168 0.5657743163355955 0.12793654935917864 0.3146378946253886
4 0.6393277846767542 0.6473057664203001 0.11628474282842376 0.1595863735787013
5 0.7249354463796521 0.4769101739528133 0.3890973488031751 0.9538203479056266
2 0.41248755399886594 0.311229571456093 0.0925198606144388 0.14884629465362362
4 0.5413937708817562 0.5493148584289702 0.04825893992586607 0.08701415258848363
4 0.8734523027329215 0.5291949903237023 0.234871117955651 0.6530017155873715
5 0.9414483345840872 0.524455011440977 0.09516872249482163 0.5372717578219206
5 0.4725842618960815 0.4433903530967112 0.2594891720393349 0.6435202997741211
4 0.34831094819375064 0.4521877713996233 0.07958335099579195 0.13561825256024881
5 0.8021204505560033 0.5848072244680995 0.04929565027015244 0.11670165258848364