5 0.9561855788480912 0.44062208986645734 0.05821927168436432 0.19212531551854842
5 0.8651240692294445 0.43075900805057277 0.1606845950901601 0.533824733702664
2 0.946450969499597 0.54257103477275 0.061939494009550344 0.07516513605166182
2 0.6592337116950486 0.5814279124446348 0.06973712504240907 0.16436402837152997
4 0.6814633426430894 0.34460386236549245 0.09526291469812272 0.13544941818411543
5 0.5227083907363237 0.4117866653476286 0.03917660580511537 0.13850021034569907
5 0.6101786196849315 0.3412037292168245 0.05879962504240908 0.16404577962517114
5 0.5702580025318887 0.47453070625557087 0.07875500489414158 0.3332049565847754
5 0.45662457766696496 0.5349263001456492 0.19041178982534976 0.6252226235152495
5 0.19809282585286642 0.499931803840066 0.38615588727776257 0.999863607680132
5 0.7163889580668515 0.49374004433966157 0.21207351341648 0.753847728688099
5 0.9878522079820335 0.4276985410409562 0.024295584035932904 0.1573411385589445
5 0.7915228781224519 0.42820832106183887 0.06747027531256151 0.2782446719450391