5 0.10791604589475552 0.5803006919804353 0.08302204152049333 0.20124325256024883
5 0.40565586752985466 0.6532424522214304 0.05515702669174569 0.12947466837349922
5 0.17295079688333867 0.579389910339817 0.06912136760421675 0.16614021046687402
5 0.19246214224443398 0.5233597182182074 0.049098027680328914 0.1337981473268119
5 0.29526880726346205 0.5371785654885495 0.27883583208958457 0.7987538313441522
2 0.3921159268448451 0.37053636803468076 0.07205536661563353 0.16163472099021767
4 0.32422945399370134 0.6336209259836583 0.10082235376405232 0.10251732622365459
5 0.43283247425965643 0.5436245285156722 0.11700440517037744 0.34663134727034206
5 0.5128462850203406 0.655570062645952 0.05853669467652338 0.13590667889684288
5 0.5610304115218059 0.4532031968185842 0.25164197931411536 0.7052012524190745
5 0.755948980685447 0.5160624286850813 0.4881020386291059 0.9678751426298373