5 0.106168173191216 0.5980714386380865 0.09835356415651582 0.1962505258642473
5 0.22012124922480764 0.5631772645814764 0.2751696946290158 0.5460639724198929
2 0.1737747802233314 0.6795775029029938 0.07708173658176469 0.0833413489046432
2 0.43830884715762436 0.6459456151354723 0.10456399136212671 0.17147784639736088
4 0.3259533397563687 0.42589387641824344 0.12347467766703613 0.15019387978345566
5 0.49941062615356324 0.44341766020004963 0.06828652991878954 0.14079013605166182
5 0.39065738741233025 0.40126360094970737 0.09352636181247735 0.16959709765100203
5 0.4784355945367308 0.5176675024407754 0.14945259407530537 0.33654055674305994
5 0.6094748434569965 0.542534773290458 0.3232648380583257 0.6394790032987053
5 0.771875 0.4833967686716044 0.45625 0.9351505191338229
5 0.3497284060723529 0.5778655533778476 0.37210046112957007 0.768786070070895
5 0.06715573796604067 0.5977160859725196 0.06802571406423075 0.1610571719450391