5 0.09239411660267989 0.5736925860120904 0.08550220452587261 0.1947317920114539
5 0.2039765112164856 0.5515550513605897 0.12431121623333752 0.4201681440165446
2 0.15187313485124837 0.45798631735358997 0.06293633723582168 0.07572725334181776
2 0.3795617976154267 0.3856407920512249 0.0902260659621911 0.20103633601209037
4 0.34124068276126274 0.646895918045816 0.09766586123992678 0.13706474267981755
5 0.4986441166026799 0.578419732733906 0.04142495159900648 0.13797271467218158
5 0.41312477312034235 0.6492947593889065 0.06188289734428025 0.16320907200827223
5 0.44828959259857476 0.5169004300604517 0.08473056576579943 0.33065111067790853
5 0.5604259782353901 0.4557094860757237 0.2020372821955286 0.6210590293602714
5 0.80703125 0.49923440877622227 0.3859375 0.9841782893857248
5 0.3028952793668582 0.5011470660407255 0.22622928199913686 0.7510192493634532