5 0.9275063608087054 0.3599353238698525 0.10743844301173802 0.20325345941492098
5 0.6038298433958508 0.33117867289362246 0.09091932835784533 0.15613299756436802
5 0.8498350621881864 0.3550353640478943 0.08844942559888339 0.16857845048646727
5 0.8278615649017198 0.428141627440575 0.15181696404263717 0.3351580243497292
5 0.733122274987628 0.4407428133165457 0.3714499491161735 0.8026297167185217
2 0.6690641762762519 0.6060735328777365 0.13301165309764612 0.2146273360381265
4 0.6844999892574078 0.3485377224071552 0.11181832654882307 0.10810460064862308
5 0.5948786465389256 0.4587951582831259 0.15715956128367523 0.3477398449665802
5 0.4919406750330566 0.3597185044675221 0.07431168249628825 0.1371102621748646
5 0.48358702170826773 0.5733406737044013 0.3338061069635181 0.7098694724005646
5 0.28989125339090205 0.5180742954563429 0.5750330517842783 0.9638514090873143
2 0.8668355336940554 0.4556120625057668 0.07062011646291495 0.0964579886359143