5 0.08501482922660948 0.38093748675315603 0.11323415389834954 0.20371033175849823
5 0.17990817777533064 0.4119568190598084 0.20441474772256535 0.4909226442797028
2 0.11114576489130643 0.5040922445577044 0.07314981252120449 0.08370536660488845
2 0.33204605273292165 0.568945885124392 0.0980803798517325 0.17196925843752045
4 0.34580848548721177 0.331254912166234 0.11757442431676957 0.1492410865678216
5 0.49110857260318747 0.41591511044480267 0.06266866950744614 0.1410813569862416
5 0.41743794882672286 0.3357762318590146 0.08708831614940156 0.17002481252120455
5 0.4329488430216076 0.4725669037287135 0.13511413229880312 0.3386855324841376
5 0.5357166897562302 0.5462276038213808 0.29391873574166566 0.6407440842055688
5 0.760545564165667 0.49858124438806833 0.47530766731482965 0.9638790277596323
5 0.28537443857510386 0.4753794235989794 0.33745545933279597 0.7702331767638402