5 0.9030630680483182 0.5145721933918048 0.07244546279135697 0.19683993882958326
5 0.6250422170525262 0.38968652184840225 0.04655259618646852 0.125981924961875
5 0.8393453084296713 0.5035450808346174 0.06030756134007831 0.1622103656913195
5 0.8098413469042587 0.5542724326582285 0.04208335099579195 0.13212282218833343
5 0.7110119773041452 0.5229516571070133 0.23342272376076637 0.7829255220358335
2 0.5854812423650877 0.6673946009705898 0.06326887023308565 0.15759560087368066
4 0.7004886503549705 0.4231153112673258 0.0954613221398514 0.09589568787965277
5 0.5785888577040319 0.49241278476618006 0.09777782340579577 0.34106271751493067
5 0.521071479666398 0.367868032866319 0.05145835099579195 0.13234102773541673
5 0.43543162394610063 0.5575137207459718 0.21312509272790744 0.6934629785328476
5 0.2350744706807233 0.48984375 0.4701489413614466 0.9796875