5 0.2814776013454188 0.51796875 0.5608638537861943 0.9640625
2 0.6647052899835054 0.6123274699225753 0.08781355172849495 0.17524935079830276
5 0.5624511535361322 0.3966931996566202 0.13377457257817743 0.3066558596955513
4 0.6168454853520167 0.30839204501771544 0.1185179824490227 0.15777269072219058
5 0.739261357613625 0.49285456973229486 0.4112442870140045 0.9390995810638204
2 0.46923967728880844 0.6527429284020819 0.06801787727617317 0.13854784684397004
4 0.5381869394295095 0.3941438612156071 0.049284597651002036 0.0847225098858317
4 0.91640625 0.40530944326801055 0.1671875 0.7427498685927999
5 0.5020030500126353 0.5183016028126501 0.28159492478152615 0.6669460553606579
4 0.4373327962517116 0.5484400889724856 0.08185305674305994 0.13130834980971962
5 0.844649888096726 0.3871231759678051 0.06765416442319179 0.12604784684397002
5 0.8918722570928825 0.3315390208346088 0.216255485814235 0.5352212114824372
5 0.1510472699252457 0.7614150024714579 0.22484951662654043 0.47716999505708413