5 0.9529718167119621 0.5700617927275426 0.09405636657607594 0.8598764145449147
5 0.8613127385231589 0.5400594034452222 0.05467606436617345 0.1567590773392725
5 0.742011081466123 0.4972986440960865 0.24957075327732028 0.956814716024817
5 0.6104222278794973 0.5355787994111783 0.11158090027177199 0.3900442920114539
5 0.5712118984301866 0.6334799500715876 0.07215849530842303 0.18350339067472685
5 0.4703163979259835 0.4855504327259519 0.19946222059003027 0.7314147266868172
2 0.6559864641337424 0.40574639608526886 0.06572282500983526 0.1584488466740906
2 0.3703496128929052 0.35090216538031604 0.06175659084927698 0.12405566534054513
5 0.19522891661541694 0.5015625 0.3900207906561869 0.996875
4 0.710148712292157 0.6444639980903595 0.11375613342392406 0.1309056493475449
5 0.9099141294886517 0.5429667747851309 0.05311356436617345 0.15674089600572697
5 0.8283745523851295 0.549043504773995 0.05191169728589458 0.13955339600572714