5 0.1640898287409379 0.47109375 0.3281796574818758 0.9421875
2 0.6169589491819101 0.38589621125082196 0.1078177256830557 0.269931786680454
5 0.34714329055628534 0.7125608979551383 0.063810539703264 0.12414657200827221
5 0.5456515661075005 0.6125683465945488 0.1134507830537503 0.31061133068109026
4 0.6386216225282644 0.6786922385821402 0.11137652393569457 0.15437951201463562
5 0.6938870847248616 0.5014388479074133 0.3501273926642369 0.9491305800445435
5 0.9409016761961461 0.6133281312062786 0.11819664760770791 0.3968033693507264
5 0.8691286997505909 0.7783815138845054 0.0641365416031249 0.07103975334181775
2 0.3710100163362503 0.3614069306174568 0.0861583183886113 0.14471361067790856
4 0.9852153738594446 0.5331315538670062 0.029569252281110892 0.1395352146721816
4 0.5295719712177436 0.5932189099300033 0.04415134992375016 0.08486589600572696
5 0.8317559863197228 0.7842866158895959 0.04996493882958362 0.06618862133990877
5 0.7779036344961117 0.7536547812301411 0.08405030452090294 0.12125792934436319
5 0.8720672893220144 0.5353127665500054 0.14550217648048652 0.4125192760184536
5 0.43780008567479206 0.4778489959420936 0.233442506836945 0.6337953866963624
4 0.2820592319513199 0.501542129296638 0.09110039152687514 0.155705654678545