5 0.20331598290125039 0.478125 0.40663196580250077 0.95625
2 0.6215191626127782 0.37680877273146673 0.10614612290951406 0.26580800649282177
5 0.3777367142838894 0.5811452654245708 0.07969011284152794 0.13571140340856652
5 0.5798447281515977 0.6010644788999769 0.111742812689028 0.3049523271096728
4 0.6723608428929866 0.6807326136408572 0.10814242116215275 0.1502648271096728
5 0.7410893930454865 0.5107143940796665 0.3434046139788897 0.93061834902377
2 0.41690374458475726 0.34989921956448605 0.08608558320625015 0.14207049756436801
4 0.5661634346486115 0.5841088039810549 0.0441149823325695 0.08354888555165907
4 0.9015287452503473 0.5655677151035545 0.19694250949930528 0.6347955600635442
5 0.962248692913646 0.5621739338539664 0.0755026141727079 0.531132997564368
5 0.4887268060395143 0.4807304338506711 0.22846406610750059 0.6224864748361967
4 0.38696428428802127 0.4739094638824433 0.07325827488562506 0.12778980925276534