5 0.83984375 0.466724255278301 0.3203125 0.933448510556602
2 0.40663756761606457 0.3705526388013653 0.11222613399378414 0.26424550649282175
5 0.6916505382514477 0.6814593165629566 0.06341614474715093 0.12132162094116268
5 0.49111753721799045 0.5895696457012243 0.11717049917143037 0.30336255357072234
4 0.41559746050118873 0.6972242329571667 0.08038532092583353 0.1169341298696164
5 0.3491418988809802 0.4958759671288542 0.37425979279956173 0.9292194902574721
5 0.09446086103930804 0.6011846245946105 0.15078782795514678 0.3882557508107789
5 0.1886026209641055 0.7590459431828667 0.06413958271265771 0.06981366801906326
2 0.643681649295265 0.33983092411143845 0.08779971463952715 0.14204322402541775
4 0.047926155291121014 0.525372146915745 0.05335194003242131 0.13988070616851012
4 0.5021620450758733 0.5581014573896215 0.04440927956950454 0.08195911201270878
5 0.22479483208897602 0.7638874017870089 0.04985875889134021 0.06488070616851012
5 0.2757558645539647 0.7332862382321725 0.0835830955329393 0.11855117694751698
5 0.16901990529112104 0.5232584476470936 0.15151557402620536 0.4038807508107789
5 0.5865305829175455 0.4557656156694521 0.2411731951997078 0.6193342012972461
4 0.7544993329175456 0.4528337102322905 0.09136136228216234 0.1514727711033183