5 0.1734916474434367 0.4843687527720103 0.07462594301173801 0.20529371572854593
5 0.20280733321908548 0.49049765543108104 0.053904007236089235 0.1962981473268119
5 0.22460044606395574 0.48766108176767514 0.0499667797373264 0.15089464206513997
5 0.2560142203742152 0.4889659765342381 0.05243668249628843 0.13857665258848365
5 0.3428690892119793 0.4267019239881068 0.24217188489182231 0.8163361734939967
2 0.45227066542211813 0.30121753462439005 0.06468437697836435 0.16421368942018652
4 0.37177974050060325 0.5895813555863728 0.09874511646291495 0.10077281570031094
5 0.4890757038658718 0.4652044399142968 0.10115522274906433 0.35482327886860804
5 0.5464964574839165 0.5590307636482897 0.06879202283992143 0.18314569994353036
5 0.6211988070998037 0.4144092374105178 0.17058241067241972 0.6392584630271226
5 0.7964622421980839 0.4827545029131846 0.4070755156038322 0.9655090058263692