5 0.7939615399149824 0.49479075406048506 0.4058087394518758 0.9895815081209701
2 0.37294103366846654 0.3473606006519184 0.047874939498757915 0.1726932061685102
5 0.41289282621572776 0.5966378518697344 0.06114762002052547 0.3057238944801128
4 0.3180615943661004 0.64985040097623 0.0883181323171656 0.14215231818121907
5 0.27928141637841564 0.46787438250876684 0.18980194437053174 0.9357487650175337
2 0.592980822896078 0.3903900316599205 0.036728361239926774 0.13656479139585773
4 0.43252407016560357 0.5791094326328551 0.030160198672140127 0.08176819724005639
4 0.0308909308163551 0.5221107792209932 0.0617818616327102 0.7995284415580135
5 0.5001388170423455 0.5044991704579905 0.12730090260883742 0.666217109577077
4 0.5900371091968232 0.4935559419683459 0.05384313836728971 0.12436480032431163
5 0.13367802488786787 0.5202698153418452 0.03976245764913058 0.12099433847375848
5 0.07647860324489494 0.5501715495135328 0.08591231244614965 0.534257997564368