5 0.7792618052862956 0.5351257613022572 0.4368923657014124 0.9297484773954856
2 0.43368134433533106 0.35338806487322955 0.12013472235685221 0.266608231382639
5 0.5870305429290059 0.6009384781515978 0.08672536167271758 0.13626611474138883
5 0.3862638803814359 0.576715808889306 0.126413897261712 0.30577983415618065
4 0.2689517049822845 0.6154308571419447 0.11555069863085592 0.15410823138263902
5 0.2701998230807928 0.45045982057281275 0.3877253538384144 0.8956827080156252
2 0.6325207509514021 0.40571755033993107 0.09173119665368965 0.14418771751493065
4 0.4038970493547966 0.5661783523922921 0.04868685079830275 0.08386716014423605
4 0.11433707262368227 0.41911563554295145 0.22867414524736454 0.6351062710859029
5 0.051518737642710324 0.3825046818957292 0.10303747528542065 0.5306343637914585
5 0.516105230685447 0.499192833774931 0.25958713049297905 0.6242051386770834
4 0.6249735533091293 0.5525561827487506 0.07865819368794007 0.12983427678548623
5 0.1508476452101835 0.5008572512342709 0.049832856729801825 0.11199216014423605