5 0.9054720340547249 0.4398290233060667 0.08515789202736243 0.20493685079830276
5 0.5963419347151342 0.3811610415576744 0.05619655068427196 0.13191584486680377
5 0.8399288500556793 0.4441862594659023 0.0722397213558171 0.16849001482874754
5 0.8059816587364514 0.5466600020515284 0.08539424936345305 0.22524935079830274
5 0.7186901967297699 0.4939077337627397 0.28743384277526757 0.8113327253226018
2 0.6348253687539506 0.6685310489720482 0.07376585868872639 0.1654286818249421
4 0.6800811353834977 0.3970672258540743 0.10274428668045381 0.10570085475263546
5 0.5789191720639516 0.49445953760334166 0.12122375604708875 0.3516500247145794
5 0.48704875071608866 0.3837356018240669 0.06095677601845377 0.1383568458553869
5 0.4559185714114964 0.5940855114058875 0.2597986440960865 0.7180628863872972
5 0.25129415873645133 0.5140625 0.5019337894652667 0.971875
2 0.8376038287316788 0.5128089254735134 0.04629429201145392 0.08622134288963731