5 0.884375 0.4921875 0.23125 0.984375
2 0.41484375 0.6359375 0.0546875 0.25234375
5 0.65625 0.3921875 0.10625 0.3296875
5 0.44921875 0.409375 0.05234375 0.29140625
4 0.3515625 0.36171875 0.08046875 0.134375
5 0.3265625 0.53828125 0.16171875 0.89140625
5 0.0375 0.484375 0.07421875 0.371875
5 0.09296875 0.3015625 0.05 0.059375
2 0.63046875 0.63046875 0.05859375 0.1296875
4 0.01328125 0.58125 0.02578125 0.13125
4 0.46640625 0.425 0.028125 0.07734375
5 0.14609375 0.3015625 0.03671875 0.05703125
5 0.19375 0.49921875 0.06171875 0.49921875
5 0.11875 0.59609375 0.06875 0.52109375
5 0.56953125 0.5203125 0.10703125 0.59609375
4 0.71328125 0.4734375 0.06015625 0.13984375