5 0.06015625 0.49140625 0.04140625 0.1875
5 0.15 0.4734375 0.11484375 0.51953125
2 0.078125 0.590625 0.05546875 0.06953125
2 0.36640625 0.60625 0.05625 0.1578125
4 0.3234375 0.375 0.084375 0.12734375
5 0.4875 0.428125 0.02734375 0.13515625
5 0.39453125 0.365625 0.04453125 0.159375
5 0.44453125 0.49375 0.04921875 0.3265625
5 0.5625 0.54453125 0.1359375 0.60859375
5 0.81484375 0.4875 0.2984375 0.975
5 0.3015625 0.5234375 0.14609375 0.73671875
5 0.0171875 0.48203125 0.03359375 0.15234375
5 0.221875 0.46640625 0.04296875 0.271875