5 0.90018597792014 0.5935582034457181 0.08673857336090762 0.20361587939029935
5 0.6325001332750027 0.43339636650448404 0.05621473201781733 0.13156816256778664
5 0.8363234725891399 0.5759979987234537 0.07225790268936265 0.16759656615858276
5 0.763466680577686 0.6599548422057914 0.0854124306969986 0.22391928903121983
5 0.7026660879217308 0.5806895230221465 0.29064974944299493 0.8094487646343312
2 0.5542365839035954 0.7134287792686624 0.07376585868872639 0.16291815651766228
4 0.705437646602503 0.4767923633812261 0.10276246801399935 0.10371587334017515
5 0.5711802779280942 0.5330463876799187 0.12126011871417966 0.35068177693097125
5 0.5289938726130025 0.39841685762568946 0.060974957351999134 0.1378454336450255
5 0.41512063458786724 0.5829231469514968 0.2614338694302683 0.7155351381708981
5 0.24765625 0.48659707191411944 0.4953125 0.9731941438282389
2 0.8066808785805494 0.6391110770804808 0.04631247334499946 0.08620112041330899