5 0.7647891200634496 0.49829972471934864 0.470421759873101 0.9900362101832133
2 0.382579276872206 0.6578276981811608 0.06554069836338669 0.17690793364502538
5 0.412747959626496 0.4204549632082754 0.09210817676384017 0.31141019867214015
4 0.33001979438021917 0.35042828863843634 0.10205855172143127 0.14900110226293622
5 0.268566395291193 0.5426556534926003 0.28509932956588147 0.9146886930147995
2 0.5910465413001763 0.64028671593875 0.05016866950744614 0.139326120413309
4 0.43732137369164664 0.4104396137740095 0.03882937622353531 0.08302157825883114
4 0.04388392005560034 0.5299556655928488 0.08776784011120067 0.8067863311856975
5 0.5132166963796522 0.51949697208707 0.19232151940692965 0.6759817587805987
4 0.5886160004633362 0.5308753545024315 0.06541172359113023 0.1284795240041051
5 0.12893346561694585 0.4922561985739442 0.05274803248413758 0.12371930113146803
5 0.06869666433922765 0.45355679205628185 0.1373933286784553 0.542996541958086
5 0.9316789757837469 0.6868087545771863 0.10848717802978455 0.5567681504675381