5 0.21328125 0.48874083401436785 0.4265625 0.9774816680287357
2 0.5732075366660412 0.6174804750139362 0.06650043502986129 0.1722386143631848
5 0.1940629376922216 0.7262271984757485 0.05367182028847228 0.09092498184962743
5 0.5778080369503816 0.41982422501393624 0.09608144509784751 0.30208065046753807
4 0.681224630890208 0.3743258935336512 0.10181968597979178 0.14588519262201594
5 0.6982452106779856 0.5469805808911098 0.29616593806708413 0.9060388382177804
2 0.3410671838924995 0.620818056690613 0.07979921561506949 0.13950792759490122
4 0.5523898096518052 0.43764752926866246 0.04095361474138883 0.08147725897699054
4 0.8966456898764232 0.5857638841638773 0.1969621058107645 0.743232891294156
5 0.44742824629718714 0.5159538155694077 0.19721406610750059 0.6198135720123152
4 0.36348965739135375 0.4967129361791082 0.06697190729444458 0.1253727047222643
5 0.8472477147620483 0.4588968571347102 0.04269925911805572 0.15647725897699036