5 0.31086197750096484 0.27665755194586933 0.08235316191590929 0.14667617694751697
5 0.4617114236608989 0.27694569845457717 0.03582985141192587 0.050600017856907445
5 0.4216858172344081 0.2825002232113435 0.04106292069139794 0.06943183847375849
5 0.4446232120615587 0.30009682629559864 0.0508016335443795 0.08209547970746059
5 0.19915994787579366 0.32785976744987033 0.08174540815498563 0.1794614034085667
5 0.09149220038307612 0.34786653003177215 0.04949519780928666 0.14454093262955983
1 0.19394961064963284 0.3457466968330194 0.07573944906292791 0.13406708279171564
5 0.12559441574334004 0.35784154788867956 0.045961020849682524 0.13042388555165924
5 0.00034567781753395266 0.366488070616851 0.0006913556350679053 0.136101141233702
5 0.021773222684255602 0.36844603693163097 0.043546445368511204 0.13212275324641087
5 0.6625943105704906 0.3844111452875965 0.08738295737619808 0.3732114034085667
5 0.6257391682506225 0.3884577171222635 0.11373016020004964 0.4736205064928217
5 0.24259404763836684 0.4200705868489054 0.21882683715965384 0.4895103336024945
5 0.7519606874509523 0.4023856237772411 0.14349656505632993 0.3695057508107789
5 0.47887252843803696 0.4124701412304067 0.10246238809672584 0.35473413879807014
5 0.5432616373718101 0.42922699309684587 0.15209397822588072 0.5039625714276299
5 0.3842359783588946 0.4413024788933864 0.15274719609342702 0.4727398449665802