5 0.15213448047738737 0.5068725041763512 0.3012096629322461 0.9862549916472976
2 0.6233589064759583 0.6266864301375834 0.09368357006615664 0.2698065577118811
5 0.35664239197389874 0.284362553998866 0.056850569561953536 0.12200397477225655
5 0.5539540705703597 0.39572909601683237 0.0964150861577 0.3088690577118811
4 0.6491848070767064 0.3352330509188231 0.10391123986054147 0.1485863221398513
5 0.700375238523159 0.5073064583605518 0.2959323010477471 0.9330754279449666
5 0.9511195576193469 0.4188515604526519 0.09776088476130625 0.3958432680561673
5 0.8804951552154506 0.24962290001569842 0.06083894703379293 0.06758929328391083
2 0.37664779744145094 0.6376512451058586 0.0800366972858944 0.14151786660488846
4 0.9920064555837677 0.4995187178943805 0.015987088832464736 0.14075397477225665
4 0.5388043179724697 0.41427076489130643 0.04016581411407198 0.08401290145127885
5 0.8431208413534801 0.24153014702047354 0.046557925746469664 0.06397321996293312
5 0.7894002616520679 0.26846715845321895 0.07839778763096845 0.11808036660488845
5 0.8810243049830195 0.49238331889017245 0.12393878863937466 0.41270338584218214
5 0.44545279174146774 0.5240401236916467 0.19861027875201742 0.6335268065307547
4 0.2897055362935861 0.4918873665200705 0.08236402179152655 0.1525099303072194