5 0.8408068379559028 0.4821486001817141 0.31838632408819445 0.9642972003634283
2 0.43619860524208354 0.32443791949444795 0.08118249050069473 0.2695555834462281
5 0.6486856471295491 0.5815975650173207 0.08932360524208356 0.35113313206674696
5 0.43456794253239633 0.5568376616925319 0.08212804787138914 0.3101805834462281
4 0.3575521540634033 0.6085882694490194 0.09713218597979179 0.15022572930778502
5 0.3387261528291323 0.44990042345117687 0.25245230565826465 0.8998008469023537
5 0.01727199296923662 0.6076487256897405 0.009086672112083439 0.12220254862051902
2 0.6601270677230211 0.3338218063108934 0.07354921561506948 0.14274742198083884
4 0.4647821193941324 0.5443033621675017 0.036266114741388834 0.08305151741285463
5 0.16174607874093788 0.463191639529979 0.16952547720166722 0.6456068283578453
5 0.07181010334222256 0.39672451379480994 0.13772865691319489 0.5534259724103802
5 0.5635813356747921 0.4538653906616327 0.1676720364722227 0.6330249412027158
4 0.6981212962558685 0.5211237324756037 0.06232077488562506 0.12967421189493056
5 0.03903984982684087 0.7027188862506186 0.04702177678548618 0.07581222749876275
5 0.11407621741802143 0.7003508028043905 0.0328501740119445 0.07038774310259513