5 0.9602037955105007 0.5526158032719483 0.07959240897899847 0.19686968281352524
5 0.8723595946390462 0.5563403225493202 0.24214979420950478 0.5446598784786317
2 0.9600056795556122 0.4509896362757539 0.07136374491161739 0.08242518083635879
2 0.6750298139972086 0.3913559455907444 0.09469942559888338 0.1706891847906915
4 0.6843516615769308 0.6289832795831332 0.11526423111680728 0.14658052273741298
5 0.5299706987774891 0.5515015612177947 0.06041295680654794 0.1412271778706092
5 0.6130531936891066 0.627973877909978 0.08376192559888337 0.17024351581733085
5 0.5808880676152532 0.49227379984908826 0.1299419640426372 0.33739652372599627
5 0.47004906490171977 0.42397873908840406 0.2844811363621602 0.638375386387297
5 0.23837966304726893 0.47890625 0.47675932609453786 0.9578125
5 0.7276402368825586 0.4839453522068154 0.32557088308279986 0.7679010603035736
5 0.9849736227944931 0.5690247118651858 0.030052754411013894 0.16016817885919252
5 0.799416739596092 0.5538320878723594 0.10832591361309589 0.2819450197716634