5 0.04951881724570991 0.57421875 0.09903763449141982 0.1984375
5 0.15541163086322277 0.5609375 0.1655705025318887 0.490625
2 0.08988088930074326 0.46875 0.06835318511654279 0.078125
2 0.3333605599893158 0.409375 0.08396331614940156 0.1671875
4 0.314801499830364 0.65 0.10803573320977708 0.140625
5 0.4752876212445759 0.5734375 0.051785733209776905 0.140625
5 0.3874850316815294 0.64921875 0.07458831614940156 0.1671875
5 0.42585310563547935 0.5125 0.10866075970346482 0.3375
5 0.5399726585380369 0.44375 0.24559036314632757 0.634375
5 0.7814681885751039 0.4859375 0.4370636228497922 0.971875
5 0.2762077697006299 0.50234375 0.27986121414211934 0.765625
5 0.009910680222401356 0.5859375 0.01982136044480271 0.159375