5 0.775 0.4921875 0.365625 0.984375
2 0.3671875 0.63984375 0.0421875 0.1640625
5 0.4109375 0.4015625 0.05234375 0.29140625
4 0.321875 0.35 0.08046875 0.134375
5 0.2796875 0.525 0.16171875 0.89140625
2 0.57890625 0.59921875 0.03203125 0.1296875
4 0.42890625 0.41796875 0.028125 0.07734375
4 0.03359375 0.4734375 0.0671875 0.76484375
5 0.4921875 0.48984375 0.10703125 0.634375
4 0.57734375 0.49921875 0.0484375 0.11796875
5 0.14296875 0.47421875 0.0359375 0.115625
5 0.08828125 0.4453125 0.0703125 0.509375