5 0.2444197040348933 0.5151597339672287 0.4884212515521241 0.9696805320655425
2 0.6029902072563471 0.37269677725177647 0.07600902985783761 0.17431020401018138
5 0.2165527375069681 0.29125006663750136 0.056795421544777014 0.09440452800763603
5 0.6182071828594585 0.5709706452498675 0.11271012002052547 0.3059783746817265
4 0.724684441836449 0.6087968145687773 0.10869426483072289 0.15281701201463563
5 0.73151972823539 0.44596429129536536 0.34428945647078013 0.8919285825907307
2 0.3702458849494442 0.38712454595004775 0.08520222267624522 0.143169292011454
4 0.5915492340891226 0.55487347792014 0.044240879390299345 0.08488407733927232
4 0.9055232921544777 0.3808701672104148 0.18895341569104468 0.7475124413589989
5 0.4825373275714601 0.48426208060154846 0.22862705327276753 0.6260556120305439
4 0.3990844781371942 0.5094535319462297 0.07262040944452863 0.12896134134309048
5 0.8866299299325924 0.511593455880051 0.04935562626704133 0.15837612133990878