5 0.6339780805617776 0.7801378687539506 0.16680788136536223 0.23784654002227157
5 0.7178723699077315 0.6881327294318591 0.16119532272436105 0.4268181333545444
5 0.8258212299093224 0.6776684914464949 0.16966235073199698 0.4831590400222717
5 0.07248714457354974 0.6868738386775904 0.13601241470399827 0.27654541335136285
5 0.9471609752546399 0.590787204129494 0.09862369207508763 0.5541976986791812
5 0.23717690058086757 0.6348766286998622 0.14916803739654255 0.46729768268618094
5 0.8787018765913672 0.5649872254534944 0.23605096674090548 0.5495476560311804
5 0.4145666512571854 0.5658373693904973 0.20376572541372368 0.5944783480267262
5 0.5178280112587761 0.5553185874044967 0.15848849339590618 0.46271927068745367
5 0.16669222525463998 0.5817056280235444 0.22013506540417857 0.5243658426957258
5 0.384434255927776 0.5365765833863613 0.16724642274026938 0.5440601773551809
5 0.8799483926241383 0.32356279411994904 0.24010321475172347 0.6292715186982712
5 0.6633785106222293 0.3351071794239049 0.35136797875554143 0.6586873933799978
5 0.08728182399745467 0.32523690467854494 0.17456364799490934 0.5754738093570898
1 0.6177943853039559 0.22362423941754156 0.24878622939208822 0.4356487880330894
5 0.19219494863941033 0.20304482602640786 0.30271011338317955 0.37066013470717996