5 0.3388200545649818 0.7629480627859373 0.19307536473976086 0.2496402433504862
5 0.2663791017411302 0.664566420593472 0.2139287370013693 0.42969141926229176
5 0.16172269398185596 0.641203615406979 0.23114498073316309 0.48474259517409735
5 0.901646663498755 0.7342125461653465 0.17063807508545992 0.28346972948277804
5 0.07124479499807035 0.5408964505130902 0.126759009104693 0.5463320989738195
5 0.745603600487489 0.6643572538966314 0.2087698755603137 0.4670459488975697
5 0.13880436803846624 0.525251960296736 0.26287836553118377 0.555746079406528
5 0.5773189502500621 0.5768059685617704 0.2781229323033735 0.5966983877271531
5 0.4758784707040332 0.5564954281929163 0.21649144734706827 0.46410278685347245
5 0.8193533375553652 0.6196428595199646 0.2840259398252208 0.5312552256830558
5 0.6102080065974105 0.5518053153513883 0.23595215267820216 0.5426278303564585
5 0.1580160546314888 0.30234375 0.3160321092629776 0.6046875
5 0.3604423726573197 0.3303947083968749 0.4396347453146395 0.6607894167937498
5 0.9004690129321237 0.36813295127558954 0.19906197413575272 0.6109414192622917
1 0.4166803493003547 0.2211638723408332 0.3083606986007094 0.4423277446816664
5 0.8310938814660618 0.2314700590831243 0.33781223706787633 0.4234803996950003