5 0.6015625 0.20859375 0.1359375 0.2125
5 0.6890625 0.2875 0.10859375 0.39765625
5 0.79296875 0.2890625 0.1109375 0.45078125
5 0.0734375 0.34609375 0.1015625 0.25390625
5 0.95078125 0.35859375 0.0984375 0.52421875
5 0.23515625 0.38203125 0.09296875 0.4390625
5 0.85546875 0.390625 0.16953125 0.50859375
5 0.4109375 0.43125 0.13203125 0.55625
5 0.51015625 0.43203125 0.1015625 0.43359375
5 0.17265625 0.43828125 0.1546875 0.48671875
5 0.384375 0.4625 0.1015625 0.51171875
5 0.88828125 0.66328125 0.1765625 0.6734375
5 0.671875 0.6640625 0.2640625 0.67109375
5 0.0859375 0.71171875 0.171875 0.5765625
1 0.6375 0.7703125 0.190625 0.459375
5 0.2296875 0.81640625 0.253125 0.3671875