5 0.76875 0.5171875 0.02109375 0.04140625
5 0.9046875 0.52578125 0.03203125 0.0484375
5 0.6828125 0.5375 0.02578125 0.06015625
5 0.81171875 0.53828125 0.02890625 0.053125
5 0.9625 0.53984375 0.0203125 0.065625
5 0.190625 0.54296875 0.02265625 0.0421875
5 0.73984375 0.54296875 0.034375 0.0640625
5 0.8453125 0.5453125 0.034375 0.0640625
5 0.8765625 0.546875 0.028125 0.0515625
5 0.64296875 0.54765625 0.025 0.04140625
5 0.5109375 0.55 0.02890625 0.0515625
5 0.546875 0.55 0.03125 0.0578125
5 0.46171875 0.5515625 0.028125 0.071875
5 0.596875 0.5546875 0.028125 0.0703125
1 0.70859375 0.5546875 0.0265625 0.03671875
5 0.15078125 0.55625 0.01953125 0.0296875
5 0.29140625 0.559375 0.02890625 0.08203125
5 0.6984375 0.5609375 0.040625 0.05859375
5 0.225 0.56171875 0.02109375 0.04921875
5 0.0578125 0.5625 0.0265625 0.053125
5 0.4125 0.56796875 0.04375 0.06640625
5 0.43125 0.5703125 0.0453125 0.06640625
5 0.61484375 0.57265625 0.03671875 0.05546875
5 0.0890625 0.57734375 0.028125 0.06640625
5 0.79375 0.5796875 0.02421875 0.0875
5 0.26328125 0.58203125 0.03359375 0.06328125
5 0.98203125 0.58203125 0.0359375 0.0734375
5 0.05703125 0.58359375 0.021875 0.03359375
5 0.1984375 0.5875 0.034375 0.08046875
5 0.30390625 0.5921875 0.03203125 0.0578125
5 0.1203125 0.59296875 0.0296875 0.096875
5 0.3765625 0.60703125 0.04453125 0.05703125
5 0.81328125 0.61484375 0.04609375 0.115625
5 0.9109375 0.62265625 0.04609375 0.11328125
5 0.76875 0.6234375 0.0375 0.12109375
5 0.06171875 0.6265625 0.0328125 0.084375
5 0.721875 0.628125 0.046875 0.11875
5 0.48203125 0.63515625 0.0453125 0.1328125
5 0.32578125 0.6390625 0.05 0.07421875
5 0.86796875 0.64453125 0.0375 0.146875
5 0.2078125 0.64921875 0.04140625 0.13125
1 0.26484375 0.6515625 0.02265625 0.04609375
5 0.5375 0.65703125 0.053125 0.165625
5 0.60546875 0.6609375 0.05859375 0.1265625
5 0.2765625 0.6609375 0.0390625 0.11171875
1 0.21484375 0.68515625 0.03828125 0.075
5 0.24453125 0.7046875 0.06171875 0.14140625
5 0.0890625 0.71796875 0.0609375 0.18359375