5 0.7265146794296402 0.42724925608248937 0.03441855866619044 0.045857970779006864
5 0.8584802274521689 0.3857493230458924 0.047574122528160956 0.055451159090609534
5 0.6380695384641476 0.4280520511317952 0.04510468639013112 0.06477161201270878
5 0.7646920226247058 0.3958452974783472 0.04633940445914604 0.06011138555165925
5 0.91279066903808 0.35853798660072883 0.0407449683211162 0.06937729139585783
5 0.15220345825853226 0.5415949849824664 0.03609031930985207 0.047447744317957154
5 0.6926149268317502 0.4086668514561067 0.05491672896477802 0.07118525324641087
5 0.7961987487394924 0.38153338148787885 0.05491672896477802 0.07118525324641087
5 0.8265964429232936 0.3718953287279353 0.04466764381548423 0.05852161201270878
5 0.5966086581423167 0.42811055234961115 0.03765281930985207 0.04747501785690744
5 0.46624381494725115 0.4579053721556832 0.04466764381548423 0.05852161201270896
5 0.5012743788092215 0.44913039001259075 0.049792186390131124 0.06485343262955982
5 0.4178227404416191 0.4680110292176979 0.05066627153942491 0.07735343262956
5 0.5501871262113316 0.43199348295057616 0.050557010895763276 0.07579093262955983
1 0.6600209481190736 0.40496910713814954 0.03888753737886681 0.04281479139585791
5 0.11096109922402489 0.5385284862002824 0.028966234160558192 0.034838650162155815
5 0.24806761531556826 0.5018115105500115 0.05444683540139543 0.08678297970746059
5 0.6485207194063971 0.40163955559602205 0.05938570767745457 0.06814207386326192
5 0.18296713920078178 0.5155370454530476 0.03652736188449901 0.05369774431795715
5 0.019925461864828516 0.5549017341716874 0.03985092372965703 0.05849433847375849
5 0.3656975117289425 0.4639723656628615 0.06461951089576327 0.07603639448011279
5 0.3841579346254203 0.4572547613607904 0.066291271539425 0.07762616801906326
5 0.5642167752225958 0.4103366712621789 0.05437042574646931 0.06337275324641087
5 0.045609250833179224 0.533476747564368 0.048775989608439804 0.07263865909060954
5 0.7390253871070949 0.3601981237772411 0.051649617332380694 0.09141593262955983
5 0.21629309143035474 0.4863950162320544 0.05335422896477811 0.07115797970746059
5 0.9238263580261012 0.3125806042954805 0.058697292826748536 0.08061480032431163
5 0.014811808956729155 0.5344801400158861 0.02962361791345831 0.038018197240056395
5 0.15141113660289174 0.4969955511350904 0.060696835401395435 0.08689207386326192
5 0.25443222979795727 0.46672344439738733 0.049792186390131124 0.06485343262956
5 0.07381066048810525 0.5105028977265238 0.06022694183801276 0.10248980032431163
5 0.32313295331485375 0.43507006980277685 0.06251070767745456 0.06819662094116268
5 0.7511319031986382 0.3212992650109431 0.08363159084927715 0.12474662986961631
5 0.8456138767155347 0.2900959038090132 0.08195983020561534 0.12315685633066602
5 0.7056008819113148 0.32363333238138325 0.07603761213660061 0.12773526217486458
5 0.019559293117287328 0.49216990909060954 0.039118586234574655 0.09155230032431164
5 0.658960828693006 0.3306412629823482 0.08541261213660042 0.1278989034085667
5 0.42148832584301443 0.3820326189092724 0.08795845792955621 0.141988676947517
5 0.2673582007169637 0.41610583563108944 0.07308757475773371 0.0855477621748646
5 0.7994490708993359 0.27912144764050295 0.08559828243518837 0.1528716298696163
5 0.14875031234936115 0.43437282020981394 0.08305243664223268 0.13878185633066592
1 0.20458504910780934 0.4189211440730759 0.03787134059717552 0.050600017856907445
5 0.47165757064723446 0.3469269618472578 0.10587793144645267 0.1750739123370204
5 0.5379763393366679 0.3269650637136969 0.09867743664223276 0.13905459172016937
5 0.21405288425710323 0.40657114853730275 0.0754913089182919 0.1199227621748646
1 0.14891955715358102 0.3983944099013884 0.06204081411407199 0.08379434740221221
5 0.17421448809583054 0.37224101298564355 0.10758254307885004 0.15481595941492107
5 0.03956560853030431 0.39618525324641085 0.07913121706060862 0.19549550649282174