5 0.24573010855810867 0.5573903534391318 0.03343323821317572 0.047602351823611146
5 0.10448867845048482 0.5810123042365625 0.04636988585581085 0.057268292553055745
5 0.3274681060769093 0.515600937310972 0.04375430810555185 0.06813305737069442
5 0.1951479117012618 0.5460541163569095 0.043463209677128446 0.06188305737069442
5 0.04433242845048481 0.5824124564970139 0.03764985731976358 0.0711125870059723
5 0.8261345843652876 0.3913723891552424 0.03506851282028158 0.04920121941479163
5 0.26763934180888566 0.5240323395714234 0.053420406533975305 0.07460126291777787
5 0.15924679900481473 0.5476718209540624 0.051857906533975304 0.0745648953265972
5 0.1274338728261323 0.5531048565732638 0.04339043507002258 0.060320557370694416
5 0.3640584234880861 0.49519686512263855 0.03663101282028158 0.04923758700597212
5 0.4985404313459689 0.4607828846899302 0.043390435070022625 0.060320557370694416
5 0.4614406916850511 0.47024945687826347 0.048441808105551945 0.06824216014423605
5 0.547994621792675 0.44790037177215236 0.04746150496239885 0.08070579255305557
5 0.4093516528099217 0.47693652118281216 0.047388730355292806 0.07914329255305556
1 0.29563590922006244 0.5038282891345831 0.037975188998963995 0.04458645459715278
5 0.8625793525622527 0.36784331696690903 0.028163541356328637 0.03499324905006951
5 0.7185767954901581 0.3993505029467008 0.052658427212139716 0.09175239532659721
5 0.30542828618453316 0.49577939979190944 0.05788958271265772 0.0700228656913195
5 0.7849273875084407 0.37981794652593687 0.035359611248705035 0.05545121941479172
5 0.9550921842414531 0.3390987614960756 0.04182793507002245 0.06028418977951393
5 0.5928148161683225 0.4194837778323259 0.06301373035529281 0.07950696846486113
5 0.5741375907754284 0.42148268892649254 0.06457623035529281 0.07954333605604162
5 0.386785294042416 0.46260191745934 0.05305653349844608 0.06678876291777787
5 0.9195356739023708 0.33132328229763813 0.045607906533975395 0.07441942496187508
5 0.20241244809519193 0.5005234108098262 0.0481892510334573 0.09633079255305557
5 0.7413764406515938 0.36831805528340217 0.05178513192686936 0.07300239532659729
5 0.9501670897419711 0.317314680474027 0.031506865177646406 0.039753484232430567
5 0.8053105080627706 0.3472775502494091 0.05734592721213971 0.09186149810013892
5 0.6975900533480409 0.36855509783645773 0.048441808105551945 0.06824216014423615
5 0.8839791635632887 0.32354780309920067 0.056511173283198345 0.10745013050895835
5 0.6195014406515937 0.3711547273954856 0.061014582712657625 0.07009560087368057
5 0.17357681864952185 0.4691285936554859 0.07784251778268034 0.12979790919430556
5 0.07259651550636873 0.48399248708222214 0.07776974317557443 0.12823540919430557
5 0.21641713606069865 0.44857905110243035 0.07024834160399784 0.13430357123840295
5 0.9340669007430071 0.273891988794652 0.05592897642635144 0.09495013050895836
5 0.262600777293193 0.4326442733670136 0.07955056699689197 0.13295927678548622
5 0.5043302049196174 0.36679649534725656 0.08176803846084475 0.1470581443766667
5 0.6627762516526298 0.3263500672512495 0.07126287799792799 0.08906380642076392
5 0.11016713606069865 0.4510520473027083 0.07773550992479743 0.16101154160312509
5 0.7790347983856422 0.2868855641171174 0.07857026385373889 0.14542290919430556
1 0.7208776960282773 0.29762434878638827 0.03684933664159917 0.053925087005972296
5 0.4429560572769824 0.3588398314032982 0.09906685442427943 0.1833593202884723
5 0.37233534222317044 0.3706508068020136 0.09412248924663302 0.14422408510611123
5 0.706487710296301 0.2909204071070133 0.07137419396136266 0.12496493882958344
1 0.7633348697257605 0.2520566224377424 0.0586901033908223 0.0872103656913195
5 0.7275236482618077 0.23881239323930498 0.10110023531769166 0.15999455547083344
5 0.882335272745079 0.18750120032565898 0.11095042431665547 0.20392639342673619