5 0.8845645458633801 0.4107587451184491 0.04174321509696384 0.06524456677218957
5 0.5011344370970819 0.41254518329431733 0.03223184740221221 0.05715928213245362
5 0.9617310178602029 0.4186645218406263 0.03225912094116268 0.058721782132453625
1 0.4329611355549545 0.426241621932404 0.021212526785361164 0.052153533386094963
5 0.5445298810907276 0.4315846883088822 0.03633869480442442 0.11350021034569906
5 0.3819753340128269 0.439437955397641 0.02512845941492108 0.09755696159934021
5 0.630962258931749 0.4454676803913234 0.05280917451188501 0.16239235141192587
5 0.3497668060096497 0.450526219583406 0.04669554220663672 0.170022994985435
5 0.4441889618538483 0.4540256411327338 0.05585235389503396 0.1577957796251713
5 0.9803895146137919 0.46809622050784283 0.023565959414921168 0.09751149749271767
5 0.7738940527632387 0.48815998258203674 0.08328760714144483 0.2085686694377568
5 0.9237576850684871 0.4916079283462594 0.08213421022569989 0.23196070533113405
1 0.7025997053610266 0.5464558673800575 0.045031856330665934 0.074710494985435
1 0.8360337682672399 0.5964522042105068 0.08700116801906325 0.06343802586424747