5 0.1849556055020539 0.627807939631948 0.04882995658477531 0.06991765785015538
5 0.5550120412371466 0.5436486873540479 0.039182171945039104 0.059996626280124234
5 0.10852949782192194 0.6369546974538687 0.03927310015828458 0.06312162628012441
1 0.6183471155311837 0.5149174716255022 0.02650031551854859 0.05301858418674961
5 0.5086000424907878 0.5353958425733676 0.050148415676833126 0.11523015785015556
5 0.6646538141984003 0.49265606377534665 0.037193774610606314 0.09887711575678075
5 0.4218812924907879 0.5404466345961552 0.07191576708875883 0.16641322625188942
5 0.6938639410788621 0.47452071380358163 0.06741012351524951 0.17239021046687383
5 0.6004549218785321 0.49169977950389254 0.07490437476889085 0.16190773677523324
5 0.07596103872986419 0.5934623026873057 0.038756274610606226 0.0989681210184525
5 0.27446072321131576 0.530251129193309 0.10765469028743926 0.21529034200867017
5 0.1281994886507219 0.5598993737904628 0.1098536877801568 0.2372563472703419
1 0.32955974867985177 0.46052318714228646 0.05222774122451135 0.07947466837349922
1 0.1881163947606435 0.44058866069275293 0.09262542069139794 0.07402830517696728