5 0.85390625 0.41953125 0.0359375 0.059375
5 0.490625 0.4234375 0.028125 0.05234375
5 0.92734375 0.4265625 0.028125 0.05390625
1 0.42578125 0.43671875 0.0171875 0.0484375
5 0.5328125 0.440625 0.02890625 0.10546875
5 0.378125 0.44921875 0.01875 0.09140625
5 0.61484375 0.453125 0.0421875 0.1515625
5 0.3484375 0.459375 0.03671875 0.159375
5 0.43828125 0.4625 0.04609375 0.146875
5 0.95 0.475 0.0203125 0.0921875
5 0.75234375 0.49296875 0.06875 0.19375
5 0.89453125 0.49609375 0.06640625 0.215625
1 0.6875 0.5484375 0.03828125 0.06875
1 0.8171875 0.5953125 0.0796875 0.05546875