5 0.39375 0.3125 0.1203125 0.2234375
5 0.5796875 0.35703125 0.10078125 0.2
5 0.4234375 0.44765625 0.0625 0.14921875
5 0.8796875 0.51796875 0.159375 0.5953125
5 0.259375 0.53515625 0.15625 0.41953125
1 0.734375 0.53515625 0.09375 0.14609375
5 0.2109375 0.54375 0.11640625 0.3859375
5 0.02109375 0.55703125 0.0421875 0.2546875
5 0.371875 0.5578125 0.10546875 0.38125
5 0.115625 0.56484375 0.07890625 0.21171875
5 0.459375 0.58125 0.134375 0.34765625
5 0.57421875 0.5859375 0.1359375 0.415625
5 0.721875 0.6046875 0.246875 0.43125