5 0.6081371792081957 0.29765625 0.159069821096346 0.2390625
5 0.4262048611941685 0.36015625 0.13403024830195703 0.2140625
5 0.5992301534514592 0.4390625 0.08667558451458142 0.1578125
5 0.14555204580103503 0.55234375 0.2555766903100791 0.6234375
5 0.7790363718346267 0.5140625 0.22531179210040725 0.44375
1 0.295852434449983 0.55703125 0.11948808451458141 0.1578125
5 0.8301180104835746 0.51875 0.1791586829088235 0.40625
5 0.9911721198320418 0.51484375 0.017655760335916426 0.2640625
5 0.6678578423772624 0.546875 0.16782066471022627 0.4
5 0.9293565468807692 0.53125 0.11441865514950252 0.225
5 0.5831917481450735 0.57890625 0.1922804441675904 0.3671875
5 0.4669554788667421 0.59375 0.20459877390180986 0.4375
5 0.3198394494093778 0.6265625 0.3203634762458483 0.4640625