5 0.4625461859911425 0.6883816799027361 0.16708258019564468 0.2492466368892682
5 0.6376277267072737 0.6081376000855625 0.14350537785160639 0.2216652923897861
5 0.4645220912975282 0.548028507652995 0.09458821406423076 0.16330482878371627
5 0.8816143950489111 0.3911683081100611 0.23677120990217765 0.6332278387085137
5 0.2822417149870814 0.49148106286306276 0.24562429210040726 0.4538656703877141
1 0.7560611443521607 0.40202453308867037 0.12427571406423077 0.16468754631872748
5 0.23287277066260742 0.49142971298689736 0.19780855335917416 0.41269270678164427
5 0.056430186609451316 0.5137521308934121 0.06359663479143665 0.2631207382131757
5 0.3906259114710237 0.4464703157585469 0.1849080351605769 0.4058605099247975
5 0.13320343768918547 0.48901965053811924 0.12379365514950225 0.23009422249741007
5 0.471966746603914 0.4074206242783836 0.20800557371723977 0.37733740363849116
5 0.5854587476836481 0.380977940656103 0.22334877390180985 0.44659682588823213
5 0.7297804441675905 0.3342933775881524 0.33941386489479636 0.48315937220695976