5 0.15801842045139997 0.4689874367663348 0.0499375446422687 0.08904151603912887
5 0.5249485961811009 0.6118989366094514 0.05775004464226861 0.08954216378737563
5 0.31383777231783905 0.5437440121816176 0.06174779788867957 0.13974242288667416
5 0.3366167532431156 0.5522271406515328 0.06331029788867956 0.13984255243632351
5 0.2157860560030591 0.514829665328535 0.06632620373287823 0.13379281153562222
5 0.6859366891190863 0.6698184654485068 0.04703073295387128 0.10134125693983034
5 0.6694895288106608 0.6664233551771888 0.05182732710967279 0.10789164558877821
5 0.44187699756107274 0.5917483204780373 0.05484323295387146 0.10184190468807693
5 0.4717690491032003 0.6053695319213744 0.058295515421275465 0.12079216378737563
5 0.29830822970416526 0.5482114666851243 0.052209156654977565 0.1297666455887782
5 0.3996076769442217 0.5843573226375056 0.05673301542127547 0.12069203423772627
5 0.3816116534052714 0.5816433328165385 0.05193642126547413 0.11414164558877822
5 0.41630029910320027 0.6018149329088235 0.04220686525911965 0.09322836829088246
5 0.15891844723676116 0.5205499367663349 0.0657261858759707 0.09941781153562221
5 0.031001952918804032 0.47957687846991515 0.04907624837514692 0.21852875693983034
1 0.7796924176087309 0.7655698588778167 0.12070578652459396 0.20907221622369895
1 0.9390595093289003 0.8647454433923981 0.07873647483619664 0.21886871838316752
1 0.5140946911476811 0.7501103354374321 0.14674218100470676 0.2700492890180882