5 0.8451321997976013 0.43485760459272826 0.04348440637700648 0.08642217887824373
5 0.47209084746818064 0.38740490897899843 0.049570632066747146 0.08362472749876285
5 0.6856244029861046 0.40114542514865753 0.049311682496288436 0.13814845318850325
5 0.662391620873929 0.3984674824756038 0.04922979534115868 0.13658595318850333
5 0.7851330800553261 0.40527964722035337 0.053507859565509894 0.12901911465389268
5 0.31011979195025663 0.3709621166900575 0.03640889077317437 0.10007524310259504
5 0.3264850983726918 0.3708835515611951 0.041342052238563645 0.10500840456798421
5 0.5563020731579211 0.3861080026019918 0.04570200361804453 0.09900406603337349
5 0.5261608717784402 0.381454802127022 0.0466846494796016 0.11775406603337349
5 0.7008775887617533 0.39255499717492487 0.039445359565509895 0.12828213025772478
5 0.597749266735486 0.3831567429910534 0.0451221494796016 0.11767217887824381
5 0.6165402103130508 0.3813928471294964 0.04166960085908258 0.11125840456798422
5 0.5805175011316537 0.3700359452750455 0.032792567842395925 0.09053646879233553
5 0.8399400887617535 0.385267040368377 0.057874454997525505 0.09340916327441154
5 0.9683550158309749 0.38788635007017247 0.02840604025277571 0.21496325870642732
1 0.21010318181891985 0.302188862506186 0.103985894391219 0.2002257293077852
1 0.03741259017429092 0.24355524819097768 0.07482518034858184 0.22070864767057935
1 0.4738691106971637 0.24941026402195252 0.1228044934412793 0.2619821008590826