5 0.85 0.54296875 0.02734375 0.078125
5 0.4859375 0.5625 0.03515625 0.075
5 0.6921875 0.5640625 0.02421875 0.12734375
5 0.66953125 0.56484375 0.025 0.1265625
5 0.7875 0.5671875 0.03046875 0.11875
5 0.32890625 0.5671875 0.01953125 0.09140625
5 0.34453125 0.56875 0.0234375 0.096875
5 0.56640625 0.56953125 0.028125 0.0890625
5 0.5359375 0.571875 0.0265625 0.1078125
5 0.70546875 0.57265625 0.0171875 0.11953125
5 0.60546875 0.57578125 0.02421875 0.10859375
5 0.62265625 0.578125 0.02265625 0.10234375
5 0.58671875 0.58671875 0.0171875 0.084375
5 0.83671875 0.58984375 0.03984375 0.0828125
5 0.9828125 0.596875 0.034375 0.20390625
1 0.221875 0.62578125 0.0671875 0.17890625
1 0.03359375 0.66953125 0.065625 0.2046875
1 0.46484375 0.69296875 0.0765625 0.2359375