5 0.6606465779076196 0.692634602701107 0.05730124491161739 0.08185217787060921
5 0.9110659797620702 0.7190711328157128 0.05038285956551007 0.12834517589344294
5 0.7928825457954438 0.6833484915226808 0.05960072930778502 0.09597834486680376
5 0.8459256586403141 0.6827463136520716 0.07053822930778501 0.09642401384016441
5 0.7731841994589169 0.672457412473208 0.06478619629109836 0.07592051285158127
5 0.331717073723748 0.6023530898867067 0.08114153663473136 0.12024351581733086
5 0.9072725944159629 0.6724508008004904 0.07842597241038014 0.1279286818249421
5 0.29794958333468646 0.5624111807991777 0.08746013568479168 0.1813083498097196
5 0.2465475356186786 0.5465752751716899 0.11023589439121899 0.1993871877564409
5 0.48060163105069426 0.5728990587463368 0.12125528154634857 0.20139535672980174
5 0.4277189704898162 0.5555643201150433 0.17534299525030156 0.311181533611828
5 0.4412868255327703 0.549554400647391 0.10350121551297527 0.16013368676785794
1 0.3797628273417926 0.503727247491361 0.09182673111680746 0.14562551779449712
5 0.6388988099289381 0.5274698591268976 0.12355476594251655 0.21552152372599628
5 0.5620430608334492 0.5064344589366172 0.15611496042459266 0.24179486364988403
1 0.6217898750578005 0.5117957795831332 0.07250352103089916 0.13392401384016442
5 0.9293190920411136 0.5195340478347409 0.1064778878324983 0.45493685079830276