5 0.2890625 0.34375 0.03984375 0.07109375
5 0.028125 0.3515625 0.05625 0.11875
5 0.165625 0.36953125 0.03828125 0.08359375
5 0.115625 0.37578125 0.0484375 0.08203125
5 0.1859375 0.3765625 0.04765625 0.0625
5 0.61953125 0.3859375 0.05390625 0.10390625
5 0.05859375 0.39453125 0.053125 0.11171875
5 0.6609375 0.41875 0.046875 0.1640625
5 0.7125 0.4265625 0.0640625 0.17734375
5 0.48515625 0.4328125 0.07734375 0.17734375
5 0.53984375 0.44140625 0.10546875 0.27578125
5 0.52734375 0.44921875 0.0671875 0.1390625
1 0.5953125 0.484375 0.059375 0.12734375
5 0.3453125 0.49453125 0.075 0.19140625
5 0.42265625 0.5046875 0.103125 0.21015625
1 0.36484375 0.50703125 0.0421875 0.11953125
5 0.0375 0.5421875 0.07421875 0.42890625