5 0.7587554570963769 0.6478024835882952 0.04888525025210164 0.07496528366526398
5 0.9946531672841081 0.6450221908525385 0.010693665431783827 0.12356647477225664
5 0.8839521990506054 0.6238515736994958 0.049868596045057244 0.08902778366526398
5 0.9352415474414508 0.6181447215225776 0.059134335401395434 0.08779266587924912
5 0.8630933958322966 0.616748401829797 0.05615144703379258 0.06742560217691818
5 0.4209551723154001 0.5992955840359329 0.06847648441265974 0.1099404843909035
5 0.9790883334337593 0.5997196145363359 0.04182333313248136 0.11769842068857254
5 0.3793796775111802 0.5647221765942042 0.06805014951546742 0.17071429328391083
5 0.32554448332737895 0.5564210924734534 0.08789275595208475 0.1869940577118811
5 0.557176895580195 0.5538144145284868 0.10039275595208466 0.18743056733052796
5 0.501669940752732 0.5440053941100667 0.14176043714643569 0.28863096878180683
5 0.5136236375344233 0.5357563844914198 0.08516123986054129 0.1479315577118811
1 0.44375925176471076 0.49982137369164664 0.07636539406758587 0.13359623920022673
5 0.6986106427302035 0.4932712402117171 0.09981360174504025 0.201438503628197
5 0.6195022969372478 0.48193692532825994 0.13092149011264292 0.22278771397248337
1 0.6789319272590786 0.48064475463968737 0.05863159084927716 0.1251835384745874
5 0.9733496547112475 0.452271695661862 0.05330069057750499 0.44313493030721923