5 0.39453125 0.51875 0.11875 0.5578125
4 0.43984375 0.6234375 0.0625 0.109375
5 0.6890625 0.5140625 0.14296875 0.553125
5 0.00703125 0.3390625 0.01328125 0.109375
5 0.1 0.38515625 0.02734375 0.15390625
5 0.97265625 0.5484375 0.04765625 0.22734375
5 0.809375 0.46484375 0.06328125 0.203125
5 0.225 0.47890625 0.03671875 0.29375
4 0.2453125 0.49609375 0.0390625 0.065625
5 0.0375 0.48125 0.05859375 0.41015625
4 0.0734375 0.49375 0.04765625 0.07734375
5 0.278125 0.44453125 0.0328125 0.24140625
5 0.25078125 0.4125 0.0234375 0.16640625
5 0.3046875 0.440625 0.021875 0.146875
5 0.32265625 0.4234375 0.02890625 0.14765625
5 0.17578125 0.48359375 0.07265625 0.43046875
2 0.15078125 0.45 0.0640625 0.09453125
5 0.8859375 0.4921875 0.02578125 0.1390625
5 0.9125 0.4796875 0.03046875 0.11015625
5 0.94140625 0.48828125 0.0265625 0.12578125