5 0.0171875 0.4875 0.034375 0.48046875
5 0.0640625 0.4890625 0.06796875 0.4734375
5 0.16875 0.484375 0.0453125 0.3140625
5 0.2015625 0.44140625 0.0203125 0.2390625
5 0.22734375 0.47109375 0.04296875 0.30625
5 0.26796875 0.51484375 0.04921875 0.25546875
4 0.25390625 0.50546875 0.04765625 0.0625
5 0.265625 0.37578125 0.0234375 0.06484375
5 0.28671875 0.40234375 0.021875 0.0875
5 0.2984375 0.3703125 0.01640625 0.0796875
5 0.32578125 0.4375 0.025 0.19921875
5 0.3609375 0.4890625 0.06484375 0.33046875
2 0.365625 0.4828125 0.0578125 0.09609375
5 0.44296875 0.48203125 0.03671875 0.18515625
5 0.52890625 0.53984375 0.0625 0.32421875
4 0.534375 0.49609375 0.0515625 0.065625
5 0.5984375 0.49140625 0.05390625 0.271875
4 0.5875 0.48515625 0.04765625 0.06171875
5 0.7515625 0.5421875 0.115625 0.52578125
4 0.80703125 0.5609375 0.0375 0.109375
5 0.83046875 0.51328125 0.03828125 0.26328125
5 0.909375 0.53359375 0.06953125 0.3140625
5 0.95859375 0.496875 0.025 0.15625
5 0.984375 0.50234375 0.03046875 0.23359375