5 0.9471761585560564 0.4223667765356878 0.09087693977078856 0.5055056600095449
5 0.9124828235750844 0.43057926587368767 0.15168710577839944 0.5030897320178174
5 0.8019445715979181 0.44123604988864146 0.1010610701894052 0.333830654678545
5 0.7646010804951666 0.39950308322727757 0.061812886387297185 0.2521624840069997
5 0.74054415657889 0.4341417125636865 0.09599156821223893 0.32440111067790856
5 0.700943145704475 0.4861405645687772 0.09551672433401848 0.2744192920114541
4 0.7154831481759331 0.47425818256686825 0.060741181824942106 0.07254770934118149
5 0.6920204263505536 0.34100078723745897 0.03567751482874755 0.07069430800445434
5 0.6720289199247629 0.3716877132400043 0.0381950197716634 0.09414998933799978
5 0.6569278433467479 0.3398473672422314 0.03000051779449713 0.08468408267027261
5 0.6344042445256115 0.41351213391154956 0.060157544486243 0.21153748400699968
5 0.6015479821683218 0.47246041991568566 0.12376374113993246 0.35439769334818116
2 0.5963339001530994 0.4662740545830948 0.07626802273741298 0.10864884134309047
5 0.5155149816740302 0.4758041432606852 0.07058570851668762 0.19916475334181777
5 0.42977379984908826 0.5486427539385937 0.12032040615896059 0.34654883068109027
4 0.4206826427387256 0.5034575232734119 0.06555601581733086 0.07572725334181776
5 0.3533359752482396 0.5081455706158661 0.10246706129215681 0.29167951734563574
4 0.36462364372730877 0.4994245512810479 0.060677514828747635 0.0709852093411815
5 0.1980635434232976 0.5817932506365469 0.21042011862998095 0.5646817600254534
4 0.14148062098989572 0.6097824379774102 0.05796369171077376 0.11936816534054522
5 0.11295371437382466 0.5624807239815462 0.08483389231879608 0.28054202267663586
5 0.04752762152136837 0.5954392219923641 0.09505524304273674 0.33724655601527187
5 0.0019458660841609062 0.5608011399984092 0.0038917321683218124 0.16277272000318171