5 0.41873021530502275 0.4867146898437095 0.2638144731269435 0.5993152734657616
4 0.4370413285721419 0.37041485565696003 0.09156441567207611 0.12835178413027978
5 0.7132922864081799 0.41625318749522233 0.2873429783886152 0.6022428523908395
5 0.15809436512149616 0.6955183553746114 0.06718604195220043 0.16430469468185827
5 0.966609918302912 0.3105290193334847 0.06678016339417603 0.24066977360693614
5 0.8452626232257654 0.43443549814562293 0.11577473137238706 0.22319384727034208
5 0.2597262126035997 0.5696622396884179 0.11149602602601058 0.3101478157003109
4 0.27563963894019383 0.5467861818100275 0.0574022472985769 0.07653167889684287
5 0.08838183362205224 0.615701323733993 0.12925892065139927 0.427972352532014
4 0.10512201258948226 0.5935610132247667 0.0675052893919517 0.08957771046687384
5 0.3212930441595134 0.5903772871140516 0.0942483418674959 0.2546412683452644
5 0.30242892307047364 0.6298871081466215 0.06626057878390341 0.17515118942018654
5 0.3485457888978415 0.5872221950347942 0.06048101564384121 0.15612817363517095
5 0.3712398362528882 0.6000106213713884 0.06682202090551304 0.15805469468185845
5 0.20999922838861523 0.577261908061917 0.18393101009982066 0.45762903142885686
2 0.19352435993041148 0.6174164712019792 0.08909186305535761 0.11263577886860805
5 0.9146349785297897 0.38728050610871784 0.06158848933548171 0.14840667889684286
5 0.9447775048381487 0.39336390613695277 0.05838789462538898 0.12019067363517096
5 0.9712399932464422 0.37766331142685944 0.057520013507115664 0.13425317363517103