5 0.9595845004941103 0.5540973554265971 0.04888815216496063 0.49133432813030103
5 0.9198317557557821 0.5511434810171603 0.09696163111827331 0.4867758029025577
5 0.8125274899707666 0.5520933674074967 0.06562208390440105 0.3235119110699257
5 0.7771213400131188 0.5954787796585487 0.034509320820808397 0.24445932813030105
5 0.7515521926157198 0.5640551648677588 0.061951052334369906 0.31402778366526396
5 0.7127850952042035 0.5172967267559911 0.0652888839608707 0.2642460384745874
4 0.7270373110033365 0.5279713319281342 0.052168715728545936 0.06575397477225664
5 0.7075831137612293 0.6603746041606529 0.028822220990217674 0.0664980192372937
5 0.6873007058404866 0.6322669623280208 0.02715330517696728 0.09138889183263199
5 0.6728895953453777 0.664642952709374 0.020357273606936132 0.08179563702330857
5 0.6495500768589391 0.594938087918584 0.03683068401734033 0.20399801923729372
5 0.6167067557557819 0.5405581227649743 0.08528213652111952 0.33979167549789596
2 0.6116097320782587 0.5474256816579818 0.0650173262236546 0.09894842068857254
5 0.5326579794474228 0.5454514646902735 0.048602641923965705 0.19193452885594056
5 0.44783492939095304 0.4829936155085802 0.08335561547443202 0.333487111795565
4 0.43972702680246945 0.5281151425504221 0.05703822625188941 0.06904266587924912
5 0.3738745136482898 0.5297297170525261 0.07088643657758915 0.28003472958158004
4 0.3851837399707665 0.5371701948200076 0.05207771046687402 0.06419147477225647
5 0.2206276872834608 0.47271084681944064 0.1500558100151161 0.5416468413771451
4 0.16551525305435894 0.4512153035355298 0.04405237884037314 0.11380952885594056
5 0.1384298373116957 0.4995883161494016 0.054715405007558046 0.27011409255827135
5 0.059189658344265664 0.4756845354793625 0.09062208390440092 0.3243849303072194
5 0.012050648889284829 0.5122197470047751 0.024101297778569657 0.1602480192372937
5 0.002019348868108678 0.5059325414698123 0.004038697736217356 0.23842758293962446