5 0.612971642253361 0.5110559322905146 0.22803200409012803 0.6010174892026583
4 0.5468034214828208 0.4077819355297171 0.08479620031656906 0.12708173658176475
5 0.31525320777190957 0.5434436235326696 0.2530320040901281 0.6026195619970476
5 0.9381966142775425 0.6200139342930995 0.057853267088759 0.16590440468807693
5 0.039744742411645606 0.5351457580195644 0.05530258010002485 0.23904151603912888
5 0.20243261051661884 0.6056153516334446 0.10475701082055267 0.22349566162790727
5 0.7922416051063425 0.535020765725362 0.09480300079142286 0.3101946252307126
4 0.7683949281467383 0.519456322480622 0.052136813011265916 0.07664164558877821
5 0.9566257362099464 0.514985275286086 0.08674852758010729 0.4325702729789592
4 0.9442300024407754 0.5057709615909954 0.0634380258642473 0.08984255243632351
5 0.7450543680384663 0.5748854996862329 0.08075722116625172 0.25626858883351816
5 0.7794892040109858 0.6059445350036934 0.05660901583511766 0.17674177513842756
5 0.719523170624891 0.5818271121170191 0.049767982449022696 0.15602875693983034
5 0.7037079540109858 0.6010882518457012 0.057625946555645416 0.15809190468807693
5 0.841877892253361 0.5257249113141402 0.15684366270733213 0.4592119185677376
2 0.8732331923325033 0.5581461875323019 0.08277905925034226 0.11135660703211539
5 0.11916546945039201 0.5846834855020304 0.05271112602253205 0.14997901603912886
5 0.0946655746232415 0.6002689127076414 0.0518473079967011 0.12029151603912887
5 0.06330191435668481 0.594360071714655 0.05073944906292789 0.13581638648947952