5 0.1394980868309333 0.25012324072842196 0.02377746144333708 0.029814765027114644
5 0.12152933683093328 0.2500187015990064 0.019089961443337078 0.029787493949875808
5 0.21821456971207018 0.2779351442210223 0.0374184592838688 0.07206589754067201
5 0.1745646992617195 0.276118114166793 0.04396884793281677 0.07678975897699045
5 0.03813584593023192 0.2464073673882468 0.028865479641934387 0.03609203610435348
5 0.08952836520856337 0.26155564441741397 0.04170544108527148 0.06584316861791084
5 0.056285068632336 0.25589145169720223 0.03052810919158371 0.03766362646343309
5 0.12398370836101813 0.27269767749670537 0.03006703423772623 0.054842036104353474
5 0.10518364358619345 0.27336984318775 0.036917811535622166 0.06425339754067201
5 0.41108438772609734 0.34158052946505413 0.03801923658176474 0.081440897540672
1 0.414740313851974 0.34550950536275316 0.0194904796419344 0.03603749394987581
1 0.10556437538759618 0.2796243883672898 0.02065246144333712 0.02979658430895542
5 0.13250760718899887 0.28603346965118315 0.04619268198597286 0.06274543969514967
1 0.08003344926171949 0.2755681474424761 0.02095285009228507 0.03448408430895533