5 0.8535127601553409 0.6891006113421548 0.022047716822513053 0.03096157366340595
5 0.8722673053348806 0.6872272982020926 0.017360216822512698 0.030688557878390376
5 0.7700690010801545 0.6681881428415988 0.033239746876741985 0.07534861049510884
5 0.8145957059006147 0.6663757428839511 0.03951701795398108 0.08040013154179615
5 0.952726964975801 0.6841030272259925 0.01738748789975162 0.035376057878390196
5 0.9035900282075175 0.6729071929686556 0.03789088544042372 0.06937162628012424
5 0.9379332119507389 0.6763738272118751 0.026780668617910664 0.03904708944842135
5 0.8684928655415352 0.6647985613562722 0.02531816256778683 0.056143584186749605
5 0.8864707059006147 0.662189500847046 0.03319429508134384 0.06753611049510884
5 0.5680797750842596 0.6190358242281032 0.03329428903121965 0.08472361049510883
1 0.5649775009819586 0.6153115847514469 0.017405668617910663 0.0385010578783902
1 0.8849400221573933 0.6568117561087179 0.018922716822512696 0.030779563140062294
5 0.8576326335937118 0.6521543481879752 0.042551114363184796 0.06495714206513999
1 0.9122610462596944 0.6591254140294606 0.01894998789975162 0.035467063140062295