5 0.9734375 0.26484375 0.00859375 0.01171875
5 0.11796875 0.32265625 0.01640625 0.0265625
5 0.1 0.3265625 0.01171875 0.02734375
5 0.20078125 0.33203125 0.01796875 0.06875
5 0.15859375 0.3390625 0.025 0.071875
5 0.01953125 0.340625 0.02109375 0.03125
5 0.0046875 0.34375 0.009375 0.025
5 0.07265625 0.34453125 0.02421875 0.06171875
5 0.03984375 0.3453125 0.0203125 0.0328125
5 0.10859375 0.34765625 0.01484375 0.0515625
5 0.09140625 0.35234375 0.0203125 0.06015625
5 0.403125 0.35234375 0.01640625 0.078125
1 0.4078125 0.3546875 0.01015625 0.03515625
1 0.09375 0.35703125 0.01328125 0.02734375
5 0.12109375 0.35859375 0.03046875 0.05625
1 0.0671875 0.35859375 0.0125 0.03203125