5 0.7296875 0.70625 0.1328125 0.52421875
5 0.54140625 0.56796875 0.078125 0.3390625
5 0.48046875 0.56015625 0.05703125 0.3234375
5 0.446875 0.58671875 0.07109375 0.27890625
5 0.40234375 0.60078125 0.07109375 0.38203125
5 0.35546875 0.6171875 0.053125 0.42109375
5 0.31328125 0.64375 0.07578125 0.4734375
5 0.2296875 0.66953125 0.11328125 0.53046875
5 0.1140625 0.70703125 0.16328125 0.5859375
5 0.03984375 0.709375 0.07421875 0.578125
4 0.11484375 0.68515625 0.06171875 0.07890625
1 0.22421875 0.61484375 0.0875 0.2015625