5 0.6653243889976934 0.2976262675243962 0.2818512220046131 0.5361300090451115
5 0.49580202654549443 0.4542403584338562 0.17519571245684346 0.3609042797373263
5 0.4364503373333751 0.4715230336940553 0.15021902324472408 0.3393634724103801
5 0.3988086273753314 0.45072585481581157 0.15182814482048546 0.2989841338757694
5 0.352229625300739 0.44436299016191894 0.18139909088108208 0.401693054047586
5 0.3027624215664726 0.43471135119776694 0.17462887262466859 0.4355767311168073
5 0.25562731243826586 0.4149853493887446 0.21182214192070042 0.49510886137453214
5 0.16877850787416251 0.4018059187014785 0.26511400789738443 0.5617098631835546
5 0.10575216991608742 0.38772240728151774 0.21150433983217484 0.6254448145630355
5 0.04542997655478324 0.3955481953865872 0.09085995310956647 0.5910963907731743
4 0.051721062438265866 0.40429907564431194 0.08511055103961843 0.09628185775648763
1 0.17076613774829363 0.45838346732199753 0.14458248465266035 0.22390224672063966