5 0.3117817842598822 0.26571123022833654 0.24856356851976438 0.5314224604566731
5 0.4906514919709412 0.4137442346397798 0.15320904567984286 0.36485036167271756
5 0.5517085006773685 0.4284805552862957 0.12878889981828595 0.34514535672980173
5 0.5888433305055519 0.40504571387953303 0.13274605947465296 0.3016500247145794
5 0.636953281885033 0.39682203699750696 0.1554199988683463 0.40703786167271766
5 0.6864619589542544 0.3854096931192864 0.14488529059146024 0.44402852570316254
5 0.7330536759375678 0.3631553497353575 0.18072761533126105 0.5031780326232448
5 0.8222423286965297 0.34699449745418 0.23095998869158088 0.5691505425090765
5 0.8990892752147707 0.32670456068632203 0.20182144957045872 0.6255278765014654
5 0.9613402917231142 0.3327834643366436 0.0773194165537717 0.5970606838021084
4 0.9411151594292242 0.3444995557434062 0.0797494549975255 0.09368101581733086
1 0.8220652662812007 0.40337183144656874 0.1334210888732951 0.22527852570316256