5 0.48476927070465337 0.6792945901164904 0.16046864057694457 0.18943871551297525
1 0.701030050339931 0.6843859611019611 0.10527330072118062 0.2318032779283042
1 0.2906374109972575 0.6527343328804012 0.09640483415618065 0.11897572930778502
1 0.9468068372903126 0.6462120109656755 0.10638632541937483 0.27176653663473155
5 0.29739459764263937 0.5742784622336148 0.13794424961875035 0.42858974672063965
1 0.5527178772779171 0.5814170120973292 0.12035409327423637 0.27629026232447185
5 0.6538985175705212 0.5703334271807632 0.1403094494662504 0.5972578595655099
1 0.2562773287409379 0.483950033355371 0.17947582655673636 0.3355700870642728
5 0.2339841014423615 0.4648348631835545 0.267816200416181 0.5774101062861495
5 0.92643586664125 0.4953521958368131 0.1471282667175 0.7889473925821966
5 0.07591506867295167 0.34496834124814424 0.15132099106937555 0.6680616824962884
5 0.5118882830537503 0.3358245511069099 0.3144015661075006 0.6344723337849124
1 0.3377214715989932 0.19482665762020204 0.3425940756068059 0.3706488511977669