5 0.6098373558555397 0.6046130113492781 0.18062655917039336 0.1970521594086268
1 0.39559453939567923 0.6194580760098967 0.13023307526193673 0.23456887978345584
1 0.7991130233041359 0.5685749082879996 0.10830380891829172 0.12165970282385156
1 0.12226094620061363 0.5953148485089319 0.18005811264080362 0.2781203029821363
5 0.7796421214428799 0.49164033524760375 0.18607815571965372 0.43110891066226814
1 0.525719445948512 0.5099884846271008 0.15058913392812698 0.2803814849563052
5 0.4243372624083726 0.5043271695042637 0.20714404459145933 0.598569195302004
1 0.8053362541104994 0.40008332106183886 0.21567853838727302 0.34152958511458975
5 0.8242829960647278 0.37996103767574396 0.33250467751118007 0.5850642879384413
5 0.1319205334435945 0.44238006512283706 0.25484884311819095 0.7901944056477032
5 0.92734375 0.2938155668386967 0.1453125 0.5876311336773934
5 0.5294625329393914 0.2935046444314391 0.3808000658787828 0.5870092888628782
1 0.6793318569408204 0.15536213526023906 0.37741371388164086 0.31072427052047813