5 0.534375 0.36171875 0.14765625 0.17265625
1 0.3296875 0.36875 0.09453125 0.2140625
1 0.71796875 0.378125 0.0875 0.1078125
1 0.071875 0.4171875 0.14375 0.2515625
5 0.71015625 0.45234375 0.12109375 0.39921875
1 0.46796875 0.45859375 0.1078125 0.25546875
5 0.371875 0.47421875 0.1203125 0.55859375
1 0.746875 0.5359375 0.1625 0.309375
5 0.76796875 0.553125 0.240625 0.534375
5 0.103125 0.559375 0.1390625 0.7390625
5 0.91796875 0.66015625 0.13203125 0.625
5 0.5015625 0.6984375 0.284375 0.603125
1 0.66328125 0.8234375 0.3171875 0.3515625