5 0.3951405450460105 0.4065278300292176 0.20505706168510204 0.47562502649368776
5 0.9161700653385498 0.37631460660772353 0.1675922435038828 0.3868700613400781
1 0.8988382893639676 0.4569098421797532 0.07712733603812652 0.12449405771188111
5 0.28604400892515847 0.5081225571637269 0.09468875730360064 0.2359771947351897
5 0.11719677718910301 0.36246777286549076 0.23302987743068906 0.6468105457309815
5 0.24137639123040672 0.49875499164729753 0.06725350405718977 0.18504961179556503
6 0.784641601459402 0.2663170693142625 0.10536143019392803 0.13172620435383653
5 0.6344445527566482 0.47344254463467317 0.08923759821299111 0.19206350362819702
5 0.7413394350618965 0.4693676582443368 0.06333757142762994 0.13962798439090332
5 0.7015911424482228 0.4734450338349 0.055688712661331866 0.14873016587924912
5 0.0616207073830309 0.48857391587924914 0.10137513392680611 0.2611954495445131
6 0.8707251517837136 0.32241579109129415 0.06750687418757337 0.11010417549789597