5 0.42623046585165947 0.38597714672181566 0.1976760979184066 0.46451812802354436
5 0.9333607948889032 0.44279459945890326 0.1332784102221936 0.3766545013526354
1 0.9195820754171693 0.5182031321212217 0.07497342378986112 0.11954997867599956
5 0.30236359791840656 0.4657362773710892 0.09016241180407354 0.2305965666772723
5 0.1550304952503016 0.3063056386855446 0.22881099050060322 0.611665848026726
5 0.2600975327895442 0.4488482220321349 0.06418640999505118 0.1818863466740906
6 0.8339367452503016 0.31420542811104035 0.10334408525525056 0.12456474267981754
5 0.6534281309350933 0.49012139608526883 0.08630707146044045 0.18682838534372675
5 0.7603741717536963 0.504638976766359 0.061729795341158675 0.1350113466740904
5 0.7196263410210015 0.5018225120941775 0.05284611827193721 0.14427725867281788
5 0.08313224106643011 0.4093119126750451 0.09772260628614955 0.25566929201145394
6 0.9117585300760107 0.383819041454449 0.06486143939369349 0.10537839067472694