5 0.59765625 0.6140625 0.13984375 0.44609375
5 0.084375 0.6 0.11484375 0.36171875
1 0.11171875 0.52265625 0.06015625 0.1125
5 0.71796875 0.52578125 0.0625 0.22265625
5 0.865625 0.68671875 0.1515625 0.62421875
5 0.76015625 0.53828125 0.04140625 0.1765625
6 0.19765625 0.71796875 0.0875 0.115625
5 0.37265625 0.5296875 0.06328125 0.17890625
5 0.2671875 0.5234375 0.04453125 0.1296875
5 0.30703125 0.5234375 0.03515625 0.140625
5 0.934375 0.5640625 0.065625 0.246875
6 0.12109375 0.65546875 0.0515625 0.1