5 0.7709965292959667 0.5488582340449993 0.15845162681395486 0.45494468597979176
5 0.45114468204067604 0.4868187078281941 0.14105352665567034 0.3936435100679862
5 0.5518851649519172 0.6468638954235064 0.18030990643912598 0.508542464665139
5 0.6817090572717852 0.6391578853555202 0.1440708780675962 0.4436798776591669
5 0.34233798337345955 0.469833189210833 0.12934313684308468 0.3668264369297223
5 0.02728861104534424 0.5687675305852082 0.05457722209068848 0.38121493882958346
4 0.2699926557807172 0.7291549442448261 0.06217705423577744 0.15134560087368065
5 0.3651128714701855 0.1164172484813886 0.05630748746358769 0.11061149810013893
5 0.17099887780489867 0.6432375876715624 0.12086069860070951 0.4509468637914583
4 0.37755641785491106 0.52054105081809 0.03834709765100204 0.08364895459715278
5 0.9222373981923628 0.18074140083874923 0.10081365690134447 0.19128092306201397
1 0.4576196540648576 0.39844653885024267 0.08162573620994636 0.12213087955902786
5 0.06253917161583479 0.5606634366453819 0.11908759844242492 0.39000936379145834
5 0.9507404829112411 0.14026121799308947 0.059444510820552666 0.21842399810013893
5 0.36752350296950087 0.32871722672989556 0.07823997492717538 0.22042290919430557