5 0.8199715321661343 0.5755110200399018 0.1935907628887623 0.46236113466105594
5 0.49149902228030246 0.517232206252753 0.17073158304098665 0.3991518065307547
5 0.6149895549035472 0.6760119839275672 0.2191292737631773 0.5147420901960185
5 0.7441358854358949 0.6672595212210283 0.1790189269192073 0.4493700613400783
5 0.3808652698088445 0.5016667152384277 0.15871174410568206 0.3722073606144388
5 0.0698879605310351 0.6047073473675948 0.10615974707143153 0.3844146947351897
4 0.3454357416714051 0.7617758360196675 0.07336319863085601 0.1539087392002269
5 0.35475777866891206 0.14813248747094626 0.0639590237259962 0.1145734206885725
5 0.23431255786929678 0.6767609405588384 0.1558360949039848 0.45480160580511536
4 0.4234639466908707 0.5515228714990299 0.045625517794497125 0.08584821996293304
5 0.9195670365775775 0.2053027021612198 0.11408104053191011 0.19589783175849823
1 0.4863393369953194 0.42889639255042217 0.08940469269935694 0.12638393992586625
5 0.11400537505577157 0.5961061628840242 0.15022808205240348 0.39375497840045365
5 0.9389736111784261 0.16463306214268636 0.06978721247102052 0.2193154843909034
5 0.38597723965705766 0.3590799111547437 0.09654071345960365 0.22493056733052796