5 0.22109375 0.590625 0.10546875 0.43984375
5 0.53203125 0.49375 0.0953125 0.3796875
5 0.4421875 0.66328125 0.121875 0.48984375
5 0.31328125 0.6703125 0.09296875 0.4296875
5 0.63828125 0.465625 0.08671875 0.35390625
5 0.9734375 0.52734375 0.053125 0.3734375
4 0.7234375 0.7140625 0.0453125 0.14453125
5 0.5953125 0.11796875 0.04375 0.10546875
5 0.815625 0.61875 0.06875 0.440625
4 0.60546875 0.51953125 0.0296875 0.08046875
5 0.05078125 0.24296875 0.07734375 0.18125
1 0.5203125 0.40703125 0.0671875 0.11328125
5 0.91796875 0.525 0.07421875 0.378125
5 0.01953125 0.20546875 0.0375 0.2125
5 0.6046875 0.328125 0.053125 0.21328125