1 0.19468183995267302 0.66484375 0.13783122758291685 0.215625
1 0.09813414827329807 0.65078125 0.08474128875333346 0.15
1 0.038113023367013686 0.55078125 0.07622604673402737 0.1328125
5 0.38636737899034695 0.3171875 0.41164024201930605 0.634375
5 0.37909255433347167 0.696875 0.22577025151861144 0.36875
5 0.7204150706697219 0.33125 0.29768423195131977 0.5046875
5 0.6597606728745827 0.721875 0.3145781783803475 0.3578125
5 0.4871206470390271 0.821875 0.22704181078916702 0.35625
5 0.22754562528753403 0.83046875 0.12787565254479186 0.2578125
5 0.11384549477857564 0.88203125 0.15033122758291687 0.215625
5 0.27545514200503396 0.88671875 0.09393445079743064 0.1421875
5 0.339718316966909 0.84453125 0.08830400626826407 0.2359375
5 0.5738017230270825 0.890625 0.134778962765278 0.21875
5 0.8787424897445824 0.946875 0.10403549620027804 0.10625
5 0.835791270329791 0.9796875 0.09313305737069441 0.040625