1 0.8414487167316326 0.3757281277399794 0.16551501139996638 0.22274767447164337
1 0.9368376263865585 0.3986202061952023 0.10602004307885018 0.1536795119038567
1 0.9731636204344738 0.5022401098841943 0.053672759131052315 0.13799087939029936
5 0.6464029225675016 0.6824558924725064 0.4939227787520174 0.6307430234149297
5 0.6605539958126261 0.325978633495516 0.27509709705346347 0.3826953670936593
5 0.3206709490506052 0.6515250968019872 0.36607129433935776 0.5222305657657994
5 0.3834016339281271 0.27444444633444903 0.3609253364098016 0.38163283684303817
5 0.5562439182049008 0.18863018706287102 0.27811283640980167 0.37726037412574204
5 0.8118437081816576 0.20942641686939498 0.16210578813517137 0.26333631303532484
5 0.9172639096549261 0.16186963993842363 0.16547218069014774 0.24158857806243947
5 0.7654496734006809 0.14951560656454466 0.11350476114786474 0.14903746369925477
5 0.7015564182049008 0.18583944682542838 0.1212951178365838 0.23810905405833438
5 0.47142116795279926 0.1152790454741274 0.16784233590559855 0.2305580909482548
5 0.17186392834435943 0.04420399707313376 0.11872785668871888 0.08840799414626752
5 0.2158817261147865 0.014361960968780261 0.10051345222957302 0.028723921937560522