1 0.2171875 0.34609375 0.11796875 0.2
1 0.125 0.35625 0.07265625 0.13984375
1 0.0484375 0.44921875 0.096875 0.1234375
5 0.38046875 0.69296875 0.35390625 0.6125
5 0.39375 0.321875 0.19375 0.34296875
5 0.69609375 0.67890625 0.25390625 0.4703125
5 0.6609375 0.3078125 0.27890625 0.3296875
5 0.50234375 0.1859375 0.1953125 0.371875
5 0.2578125 0.190625 0.10625 0.240625
5 0.15234375 0.11875 0.13125 0.23671875
5 0.30546875 0.13828125 0.08125 0.13203125
5 0.3640625 0.18125 0.0703125 0.22109375
5 0.5890625 0.12421875 0.11640625 0.2453125
5 0.8828125 0.07578125 0.09375 0.1515625
5 0.8421875 0.04375 0.0859375 0.0875