5 0.4432259373365115 0.8645743793344833 0.12941688045579802 0.23044490514873245
5 0.3907257480600147 0.3640962371987562 0.19037292098770814 0.42572658404557523
5 0.5207116784020819 0.42152305837250054 0.17943542098770812 0.42508954721387227
5 0.9426716141441756 0.45559859562772653 0.11465677171164898 0.4433089261954198
5 0.2053876977166349 0.9277624370011122 0.11446835969555132 0.13137036831702958
5 0.7471906067669829 0.4639325533225902 0.2076877549800969 0.42985264192396555
5 0.15442212802152108 0.5994778132812366 0.19158259391540158 0.45541408404557515
5 0.15391681475219793 0.29879527381869764 0.18626374113993246 0.3631355787839034
5 0.8811265494663398 0.5798621192346627 0.18836475201434766 0.4146980787839034
5 0.7729029422050654 0.10025354507714657 0.11455588441013073 0.20050709015429313
5 0.5169686185927999 0.15431025547343336 0.14956223718559974 0.3086205109468667
5 0.6372254273763177 0.03330823975900497 0.07445085475263546 0.06661647951800995
5 0.9292297629259434 0.7994619876928664 0.13295837452429887 0.20259292093374787
5 0.2920561433073793 0.2680395555299031 0.15673275003718104 0.4035029735504664
5 0.601504010948777 0.8091525900131188 0.14873456623507267 0.3219799577654509
5 0.59948534684397 0.04804557394575456 0.09897069368794006 0.09609114789150912
5 0.026691128478631636 0.21301593949077374 0.04739755931499047 0.2833431210184525
1 0.7683215074515549 0.3867407217666765 0.07616986364988403 0.14784523677523315
5 0.27408337060714727 0.5572686555016683 0.1659459239534577 0.43833299985882557
4 0.1768476373758802 0.24655793963194808 0.08248353064607841 0.14977175782192056
5 0.6108989852084334 0.29019048741051773 0.14302307710948767 0.3730874314570916
5 0.804530851861248 0.8333504112574502 0.11669670456235508 0.18605786831702958