5 0.65390625 0.87890625 0.08203125 0.2359375
5 0.60625 0.36953125 0.109375 0.39921875
5 0.49140625 0.4515625 0.0984375 0.40078125
5 0.05625 0.5828125 0.1015625 0.42109375
5 0.89765625 0.90859375 0.08203125 0.1765625
5 0.28203125 0.540625 0.128125 0.4
5 0.87890625 0.54765625 0.10625 0.42890625
5 0.821875 0.25625 0.11796875 0.33515625
5 0.17578125 0.68125 0.11015625 0.38828125
5 0.178125 0.14765625 0.059375 0.28359375
5 0.44140625 0.1703125 0.08359375 0.334375
5 0.29921875 0.0671875 0.05 0.12890625
5 0.17265625 0.9078125 0.09765625 0.18125
5 0.68203125 0.25546875 0.07890625 0.3828125
5 0.48984375 0.8453125 0.0875 0.30078125
5 0.33984375 0.07578125 0.07109375 0.14609375
5 0.9640625 0.1390625 0.06875 0.278125
1 0.246875 0.47109375 0.0484375 0.13671875
5 0.75546875 0.53203125 0.08203125 0.4171875
4 0.7890625 0.21015625 0.05546875 0.1359375
5 0.37890625 0.34453125 0.071875 0.353125
5 0.2984375 0.9140625 0.08359375 0.17109375