5 0.2955429220780532 0.8612971896208361 0.1005696159934022 0.23928822930778537
5 0.3768613990502926 0.34531698552782153 0.13856502414838784 0.4191328595655099
5 0.48835517702611114 0.42762047320334967 0.12767298825501056 0.4201221494796016
5 0.9238571048436451 0.5537879890343245 0.12982652164110534 0.44051653663473156
5 0.04557847522479157 0.8963150780191611 0.09115695044958314 0.17654256784239591
5 0.6972096883088822 0.5149622636832683 0.15736048825501053 0.42167800542706696
5 0.0859228473217977 0.5321773349165662 0.13630384217421876 0.4486565852552504
5 0.16326556347348442 0.233261800090857 0.14290553167023518 0.35383540818602893
5 0.7960610622863502 0.6564327114447046 0.13820131129540628 0.4066328595655101
5 0.8314365534443546 0.12825563828678352 0.08024039561857314 0.25651127657356704
5 0.5598881623781278 0.1563900226148085 0.10674071113712173 0.312780045229617
5 0.7104768472552907 0.04847296302658434 0.05993259263643722 0.09694592605316868
5 0.7858353014657975 0.8738249293325291 0.11111465940862679 0.17275582654882307
5 0.3069019032069277 0.22963443181891985 0.10676945486891558 0.3987451164629149
5 0.46511127599726143 0.8243283768668228 0.11029160847155488 0.305322665083434
5 0.6688432767221772 0.058438322875007685 0.08235316191590929 0.11687664575001537
5 0.03450772915031747 0.12948278211217562 0.06848454169936506 0.25896556422435124
1 0.7375368231069028 0.4426435283825894 0.058824733702664035 0.1450535504295413
5 0.21358484606815648 0.5145660317734914 0.11094012932123727 0.43484639077317444
4 0.19976300461885352 0.18532558910043764 0.06659176959604132 0.14390048620519008
5 0.6109779862764535 0.31510610583592363 0.09809313684308485 0.36864818068726607
5 0.6559886770926181 0.8860903132082985 0.09517141066226813 0.1609994549975255