5 0.9289937555860807 0.6577778686671619 0.08140416542531526 0.14055601581733085
4 0.8447215711352305 0.46727093239359563 0.10734592721213972 0.09482702174882966
4 0.5397879762214636 0.32569495015091177 0.07031680810555194 0.06992518083635879
4 0.5509459540955571 0.2877957021280781 0.06966183664159917 0.05586268083635879
5 0.46093738420318103 0.3044791833449978 0.2398589441662505 0.529098545474826
4 0.18567848076957763 0.08035995653952137 0.14114303846084475 0.15078786167271768
4 0.2242807543432262 0.17586079893486714 0.07398546360606986 0.04824118182494201
1 0.1330629030193186 0.06725777866891205 0.12449919396136275 0.12827619171077373
5 0.5637562074053261 0.5505331240671885 0.11633143713693724 0.2542656887450242
5 0.5981268992997741 0.6192486319758539 0.061344222497410075 0.11166701186299796
5 0.57405154446121 0.6487942105310351 0.03477741439185813 0.04352450692008212
5 0.5662411985139858 0.6148184585538689 0.07740587014004525 0.1216786818249421
5 0.5247493653870434 0.5309408656642314 0.09932371960192583 0.22394151878308027
5 0.5093362270500332 0.6265889466908707 0.03855738585581072 0.05771434091247105
5 0.4729471168347855 0.584404105284108 0.05273120181924558 0.09416117688202608
5 0.4429856350317506 0.6058825158545118 0.04509848428423417 0.06421900889724856
5 0.3750383097626909 0.5522362510257641 0.09015842721213971 0.09412668479069168
5 0.3655712644774206 0.5706360825466951 0.03812073821317572 0.04833934091247105
5 0.3379920740307146 0.557771326615196 0.0567637303552929 0.08028967787060921