5 0.05625 0.509375 0.0453125 0.12265625
4 0.18203125 0.66171875 0.08515625 0.06796875
4 0.49609375 0.7140625 0.05234375 0.053125
4 0.4953125 0.75078125 0.05625 0.03828125
5 0.5734375 0.7140625 0.0984375 0.48203125
4 0.88515625 0.86640625 0.0953125 0.15703125
4 0.82265625 0.77109375 0.06171875 0.03046875
1 0.94921875 0.89453125 0.078125 0.2046875
5 0.41640625 0.515625 0.0484375 0.23203125
5 0.36796875 0.4609375 0.03125 0.09765625
5 0.3828125 0.42890625 0.02421875 0.03515625
5 0.3984375 0.4578125 0.0453125 0.10390625
5 0.45703125 0.5234375 0.0390625 0.2046875
5 0.446875 0.43203125 0.02265625 0.0484375
5 0.49140625 0.46171875 0.028125 0.0828125
5 0.5125 0.43515625 0.02890625 0.05390625
5 0.58828125 0.46640625 0.0671875 0.07265625
5 0.59296875 0.44765625 0.02578125 0.0390625
5 0.62109375 0.453125 0.0359375 0.0671875