5 0.9244270148913063 0.5579717045432404 0.06083335099579159 0.13419793758467105
4 0.809952831040708 0.3844788935982495 0.09642362141421187 0.0814757293077851
4 0.48999748430608536 0.2902254460639557 0.05988592068857255 0.0624048247398008
4 0.4944592950131913 0.25210797037421523 0.06246528366526398 0.04694359905006031
5 0.4097197072642434 0.28053950757477353 0.15528776695985905 0.5165810696514181
4 0.10265871932996093 0.08599613297125826 0.11655756134007814 0.16675148801421238
4 0.15695186052962073 0.18980720771105908 0.0684424651536097 0.03945864767057934
1 0.05279512858578807 0.07946949400710619 0.06940974282842387 0.15648237336031984
5 0.550545570789089 0.5062875373120999 0.07575400126594438 0.24883364767057933
5 0.595319868249351 0.5689004019659925 0.0442807680561673 0.10681656603337349
5 0.576205280500403 0.6007711996820003 0.029489092558271323 0.04053646879233561
5 0.5632340545470201 0.5687842152858326 0.058561522865490725 0.1138035504295413
5 0.509521266705405 0.49318002770116154 0.06221729092165802 0.21849105042954128
5 0.5108530990120574 0.5895194391665507 0.028363102176918176 0.05295458163720568
5 0.4675222504633362 0.5528106552453528 0.037485131032858734 0.09086401741285463
5 0.4423759175237116 0.5781039043408416 0.0348313569862416 0.059532130257724705
5 0.36715022823081755 0.5358101837394839 0.07783731252120454 0.08518058344622811
5 0.3602454638028473 0.5542326351189649 0.031160719962933126 0.04374335594746519
5 0.33158475046333613 0.5456864727490645 0.04475199400955025 0.07564845318850325