5 0.13359375 0.58125 0.2671875 0.475
5 0.065625 0.25703125 0.13125 0.1671875
5 0.0984375 0.17265625 0.14609375 0.140625
5 0.17578125 0.24296875 0.1921875 0.1921875
5 0.346875 0.4640625 0.43515625 0.36953125
5 0.44140625 0.38125 0.43125 0.2625
5 0.34296875 0.17265625 0.171875 0.16328125
5 0.465625 0.1890625 0.0859375 0.13515625
5 0.6078125 0.30234375 0.1859375 0.3
5 0.7 0.29140625 0.14453125 0.2984375
5 0.81640625 0.2984375 0.1734375 0.29609375
5 0.91484375 0.4140625 0.16953125 0.67265625
1 0.796875 0.37421875 0.1296875 0.1578125