5 0.8539987211711079 0.5526523124442688 0.2920025576577842 0.5440968722069599
5 0.917347440122478 0.8902079704259862 0.16530511975504397 0.20131855913900906
5 0.8783077584731002 0.9356337088485589 0.18948810694082036 0.1287325823028823
5 0.8140324550026901 0.8726865225356821 0.252435857192922 0.24692646567298446
5 0.681832688154842 0.6079989762169544 0.5499656930985205 0.4928383949520388
5 0.574211212292157 0.6613893418088856 0.5112859693295224 0.3851329028099215
5 0.6355303965886012 0.8924060554149555 0.22190712303236387 0.21124152274507893
5 0.5166275772787492 0.840145734489122 0.12789504307885 0.1585830955329392
5 0.39396633741820775 0.6895934627775004 0.27995955967459646 0.3509975355653605
5 0.30090475226891394 0.6727997609582548 0.2385697351689644 0.33816789578060824
5 0.18438388778652487 0.6323309646395272 0.2654600170999496 0.3440925641014079
5 0.15294858146612306 0.4945933701400452 0.2864487683604573 0.7110617402800903
1 0.21780303914357768 0.5645826925136207 0.17862701659574648 0.1936516083532208