5 0.8367356350317505 0.6168924773889632 0.2945079028099215 0.49543158420556904
5 0.9247109398275335 0.29052343954734805 0.1345677067816446 0.17629465988879928
5 0.9037135432183557 0.20371292031005436 0.15833053846084474 0.150605179126093
5 0.8207511858985921 0.27124267149118075 0.2076798751024441 0.20536709019601868
5 0.6323285789931133 0.4861161594254632 0.4662672787409351 0.39847228256895556
5 0.5417635450803825 0.3976588054344464 0.454923056243525 0.2888790277596322
5 0.6546767297361203 0.1911037597882829 0.18442215756743252 0.1749156983633867
5 0.5297666209686147 0.20160969545297985 0.0971019400324213 0.1422271947351897
5 0.378433099256993 0.3090079892850448 0.2080865975998539 0.3145783990890262
5 0.28530168341739276 0.2924529171451935 0.16582632299274805 0.311542679126093
5 0.1662605849889693 0.29455607576804843 0.19536827377853636 0.30945438947037934
5 0.08373714516143578 0.4068799717770316 0.16747429032287156 0.6918849435540633
1 0.1814446292407823 0.3717733401960187 0.14194355913900916 0.16719247840045365