5 0.8231828108621622 0.32366060074133784 0.07832096302712266 0.13995536660488844
5 0.6840370108762795 0.3433332383976186 0.06651818401734033 0.2050347295815799
1 0.6636566214419755 0.38536697097442346 0.046191731513561506 0.07022321996293313
5 0.6960372109609841 0.4317955376719792 0.10374371018452529 0.3622668762235353
5 0.818906292587485 0.47740315963434526 0.12056864718563745 0.19600695916315997
1 0.6553975294333053 0.48701131652791974 0.07254139988706054 0.12104167549789598
5 0.7394162136624072 0.503568844750888 0.15876441012805564 0.42344247840045346
5 0.2787363188958442 0.48846970064082146 0.15920402588483623 0.4577629146981227
1 0.8376416110598062 0.5305455178017133 0.07578822625188977 0.0696974303072194
5 0.4424656189523139 0.5420063844914198 0.15937354195220052 0.16617561542376222
5 0.5985875453594952 0.6324527913001763 0.16659377872743378 0.23659724282842376
1 0.49472679799033115 0.6353000275051782 0.08525423151356133 0.07158731252120454
5 0.41122405325200295 0.6366566855798789 0.16061679451244934 0.24106648801910033
5 0.1701139348643864 0.6801611820364999 0.13425171558737148 0.21675596878180664
1 0.3085016006776368 0.7002777306778883 0.10203147881213823 0.14546132213985138
1 0.07913334811738808 0.7831349038135315 0.08880343671876348 0.13252481252120454
1 0.05176283717052136 0.7888963196927806 0.10352567434104272 0.2065823606144388