5 0.253125 0.47734375 0.03203125 0.09375
5 0.178125 0.50703125 0.0359375 0.16328125
5 0.4046875 0.51484375 0.0484375 0.1234375
1 0.9125 0.51796875 0.01953125 0.05390625
5 0.9734375 0.52578125 0.04765625 0.14609375
5 0.915625 0.53359375 0.046875 0.13359375
5 0.7828125 0.559375 0.04296875 0.21875
5 0.70234375 0.56796875 0.08671875 0.2640625
5 0.81953125 0.57109375 0.040625 0.253125
5 0.85234375 0.590625 0.08203125 0.27421875
5 0.534375 0.6296875 0.09375 0.45625
1 0.6140625 0.6359375 0.09453125 0.27578125
5 0.36328125 0.6546875 0.071875 0.375
5 0.20390625 0.66171875 0.08203125 0.38203125
5 0.303125 0.7109375 0.14375 0.578125
5 0.45234375 0.71171875 0.1515625 0.559375
5 0.07421875 0.71796875 0.1484375 0.5640625
5 0.6375 0.7359375 0.14921875 0.528125