5 0.765625 0.78046875 0.04296875 0.071875
5 0.321875 0.803125 0.02265625 0.09609375
5 0.253125 0.815625 0.02421875 0.0921875
5 0.2875 0.81875 0.02265625 0.08359375
5 0.35859375 0.821875 0.0171875 0.0640625
5 0.7109375 0.82421875 0.18125 0.3515625
5 0.2203125 0.8328125 0.0390625 0.103125
5 0.4296875 0.84453125 0.040625 0.165625
5 0.9328125 0.85 0.034375 0.15234375
1 0.6015625 0.86328125 0.059375 0.121875
5 0.98125 0.86484375 0.0375 0.23984375
5 0.81953125 0.86484375 0.09609375 0.26953125
5 0.59296875 0.878125 0.0859375 0.24375
5 0.490625 0.8796875 0.090625 0.240625
1 0.48125 0.88046875 0.0578125 0.13046875