5 0.158812413817699 0.7053531708631608 0.027821163111827297 0.04989358418674961
5 0.5980429718372637 0.8626306757013096 0.03507222099021767 0.06744510523343691
5 0.12087279806091833 0.7376350498447082 0.04764781570031094 0.09620714206513999
5 0.09895229543008241 0.7371422261813023 0.042323278868608004 0.08499662628012442
5 0.06154330069175427 0.733395599901178 0.04599431043863911 0.09455363680346807
5 0.08222752701423094 0.7416554209337478 0.04746580517696726 0.0930821420651398
1 0.808003258810141 0.9905642943359811 0.0457367052052021 0.018871411328037623
5 0.7393365587960236 0.969929787794185 0.06547235253201382 0.06014042441162992
5 0.6303633771977576 0.9538767299510884 0.06298438936371689 0.09224654009782327
5 0.7637450245951565 0.9807003233104702 0.07210178413027979 0.03859935337905966
5 0.7993185035484691 0.9879968838196962 0.07137374203690498 0.024006232360607525
5 0.5698130140718127 0.9780464891943076 0.0811127630835923 0.04390702161138478