5 0.3597301717102068 0.6844242240287131 0.14141176820408993 0.23036143019392802
5 0.5471083453453778 0.6296434464325728 0.11964318401734034 0.20500687418757338
5 0.3926931321064936 0.5472690974055074 0.07592400512049746 0.15117276217486478
5 0.8516046714984451 0.4534086343404338 0.21463352048198986 0.6031364569792892
5 0.23101915571342974 0.4689237293037188 0.19662843117474296 0.42800008928453737
1 0.7062389635918201 0.44345871023229055 0.10717400512049764 0.15171823295387146
5 0.18299117939095305 0.46273795901117926 0.15234781015629037 0.39132620373287813
5 0.01448118700111215 0.4605147601462697 0.0289623740022243 0.25397047970746056
5 0.3442849951618512 0.4404111712687694 0.1411372943712749 0.3864477889602259
5 0.0871172372693434 0.4472414184261003 0.09849622611071518 0.21712504464226878
5 0.4317695846102726 0.41234862662650074 0.1658796891378378 0.3556614391223816
5 0.5463326135494678 0.4017639082831259 0.1744804153897274 0.4229307597392326
5 0.6954449477362173 0.3741865588523188 0.2881634837914614 0.4452069545436571