1 0.88203125 0.415625 0.0453125 0.07578125
5 0.92421875 0.4234375 0.0265625 0.134375
1 0.7921875 0.45390625 0.03828125 0.10546875
5 0.68125 0.45546875 0.01484375 0.07890625
5 0.96640625 0.459375 0.0671875 0.28828125
5 0.60078125 0.4609375 0.0109375 0.046875
5 0.61171875 0.4609375 0.0125 0.05
5 0.6328125 0.46328125 0.01171875 0.06328125
5 0.58671875 0.46484375 0.0140625 0.0515625
5 0.88515625 0.47109375 0.0734375 0.2359375
5 0.71484375 0.478125 0.0296875 0.10703125
5 0.571875 0.4796875 0.0140625 0.071875
5 0.8171875 0.5125 0.07421875 0.328125
5 0.61015625 0.51328125 0.03515625 0.06015625