5 0.5579980490494627 0.7454896466545267 0.11313795496493206 0.16165455223856356
5 0.4145577321151698 0.7117398456591584 0.045692034237726276 0.05689845318850324
5 0.4548322786913971 0.7150795296257847 0.0563687183831675 0.07770227611928178
5 0.4390966571613123 0.693324038332212 0.06810725478036198 0.09077548620519008
5 0.6810245388704299 0.7211336985544059 0.12129041640826924 0.19166960085908274
5 0.790580011572534 0.7247356541177583 0.0812871776670363 0.1506418091359686
1 0.6914508991417477 0.7042361256236274 0.10286178901808825 0.1471007293077852
5 0.7605315661683258 0.7076233972203534 0.07423614126984165 0.1378142605154496
5 0.887635484274638 0.7289927069221489 0.05704864126984148 0.13691350180902226
5 0.8670924467977092 0.7215044335164006 0.08224890036914019 0.14134869629109836
5 0.25997726095422513 0.5602226905253471 0.16914333281653846 0.37949050542706697
5 0.2962454279808032 0.565329592379798 0.21803951264304294 0.4863889586155702
5 0.6703955243724605 0.6196907072608331 0.3247296036360293 0.5231253980092635
5 0.1806995735695815 0.5215530161696591 0.22286911011443436 0.3916496687014785
5 0.4444128177094854 0.5739156190649066 0.18084229641934382 0.36764560266810503
5 0.3879718530269457 0.5433926373822724 0.262429862735328 0.5229749118040736
5 0.54211913248431 0.5680164218692971 0.2559400308416402 0.4946042503386844