5 0.72109375 0.77109375 0.01484375 0.03671875
5 0.815625 0.77265625 0.01171875 0.02890625
5 0.834375 0.77265625 0.0140625 0.02890625
5 0.01953125 0.77578125 0.01953125 0.04609375
5 0.69765625 0.77890625 0.01640625 0.05
5 0.315625 0.78203125 0.015625 0.05390625
5 0.32890625 0.784375 0.0125 0.05234375
5 0.9265625 0.80625 0.03046875 0.071875
5 0.55546875 0.80625 0.01875 0.06015625
5 0.9671875 0.80859375 0.0265625 0.0796875
5 0.209375 0.809375 0.034375 0.09921875
5 0.5671875 0.809375 0.025 0.07578125
5 0.51484375 0.81015625 0.02734375 0.07421875
5 0.84921875 0.81015625 0.0265625 0.0734375
5 0.8234375 0.8109375 0.03046875 0.071875
5 0.86640625 0.8125 0.03046875 0.06953125
5 0.7 0.8140625 0.03125 0.07421875
5 0.10703125 0.81484375 0.01484375 0.04609375
5 0.53046875 0.81484375 0.0265625 0.06953125
5 0.7390625 0.83359375 0.0359375 0.16328125
5 0.78984375 0.83984375 0.03828125 0.18671875
5 0.9078125 0.8515625 0.04609375 0.134375
5 0.13515625 0.85859375 0.05390625 0.19375
5 0.8828125 0.87890625 0.0453125 0.09296875
5 0.98671875 0.8828125 0.0265625 0.17421875
1 0.9453125 0.93046875 0.040625 0.02890625
5 0.88046875 0.94765625 0.059375 0.1046875
5 0.9109375 0.9640625 0.05078125 0.071875
1 0.834375 0.97734375 0.046875 0.0453125