5 0.35809470375433017 0.14366383939241517 0.02712906603337357 0.04164367193911023
5 0.26335209181397107 0.12179810965837028 0.020469630257724792 0.03357650395433272
5 0.24484775327936034 0.11787461361270297 0.02203213025772479 0.03364017095052709
5 0.3832584780645897 0.13952016745330492 0.03255355042954129 0.05589717292769345
5 0.7689293051792397 0.21813466840470705 0.0327173247398008 0.05902217292769345
5 0.7559346602221938 0.2132070878723594 0.02951043758467122 0.05733233893530461
5 0.16194007801916116 0.0635637984033945 0.0542581320667471 0.08328734387822054
5 0.5359330987113761 0.14187455182625458 0.03781426051544958 0.06702567391627659
5 0.12197017526019918 0.052719140304448686 0.05146068068726613 0.08941000988583174
5 0.8838139987568046 0.2126738941844193 0.06675148801421216 0.11342051285158128
5 0.5237197037543302 0.1369151377958097 0.04973440637700666 0.08622134288963731
5 0.5769708565132922 0.1472186264271032 0.0512150192218769 0.08472250988583174
5 0.2415899564678637 0.07590994809938334 0.049570632066747146 0.08309634288963737
5 0.26708460142490953 0.08032819266217588 0.05425813206674714 0.08328734387822054
5 0.22398969866594753 0.06961086855561885 0.05253185775648754 0.08009867688202613
5 0.3921321890550091 0.10407741597043016 0.05442190637700657 0.08641234387822054
5 0.9804466593176826 0.22822595692226982 0.013557888964152198 0.05044566897336074
5 0.5626184294440707 0.13844846289094992 0.047762470601357875 0.07834517589344295
5 0.3593539885800393 0.0824411323957833 0.08737824852966192 0.1648822647915666
5 0.30881840004542854 0.07964905482918513 0.0948631999091429 0.15929810965837027
5 0.1926102238807182 0.04841098368837762 0.08665455223856364 0.09682196737675525
5 0.9550648790145294 0.17702821285376885 0.07824226594251656 0.21367518083635884
5 0.22656914405253473 0.025740146235947725 0.07186171189493056 0.05148029247189545
5 0.12397973258714545 0.03246499011416826 0.0676655348257091 0.06492998022833651