1 0.9018161304725 0.39141496833805034 0.06810725478036198 0.09077548620519008
5 0.946978436148026 0.3914459458368131 0.0654619185677376 0.14669793758467103
1 0.8227584885843495 0.44566869911617346 0.07000971622369931 0.12046298620519007
5 0.7095668761535633 0.4654312432141367 0.03821949568106327 0.08609463025772471
5 0.9617966980251019 0.42425180178427835 0.07640660394979619 0.30943695499752566
5 0.6306000693983032 0.4846515547249545 0.023516645588778216 0.051064533016686654
5 0.6413873750738291 0.48288101481086276 0.026942034237726276 0.05591580732694634
5 0.6631121807493552 0.4816836849826792 0.030868070634920742 0.06857958163720568
5 0.6177193375969005 0.49020551390635153 0.02860466378737563 0.057560194482076096
5 0.9209957294850508 0.4477025898893478 0.1430838756921382 0.2644453595655099
5 0.7504119216500565 0.4831443656699454 0.06053458667404978 0.11840916327441171
5 0.6064208921926924 0.5083004166653136 0.034593847932816855 0.07811835594746537
5 0.8637630228220757 0.5023214908392875 0.1710667782207466 0.36090427973732647
5 0.6549980945367307 0.5373195313192062 0.052943329734219446 0.07285100180902226