5 0.39375 0.3125 0.1203125 0.22421875
5 0.5796875 0.35703125 0.10078125 0.19921875
5 0.4234375 0.44765625 0.0625 0.14765625
5 0.8796875 0.51796875 0.159375 0.59453125
5 0.259375 0.53515625 0.15703125 0.4203125
1 0.734375 0.5359375 0.09375 0.14609375
5 0.21171875 0.54375 0.11640625 0.38515625
5 0.0234375 0.55546875 0.04609375 0.2515625
5 0.371875 0.5578125 0.10546875 0.38046875
5 0.115625 0.5640625 0.07890625 0.2125
5 0.459375 0.58125 0.13359375 0.3484375
5 0.5734375 0.5859375 0.1359375 0.415625
5 0.721875 0.60546875 0.246875 0.43203125