5 0.16146710194065123 0.7272097968272899 0.05856866943775674 0.08165179328391084
5 0.5983784170634883 0.8126313646211539 0.04197220282385157 0.10136409255827132
5 0.6640572413575254 0.8353124072720925 0.04344377461060631 0.09829365626060245
5 0.6297731695707707 0.8333878087233714 0.04004598997087001 0.08880952885594055
5 0.5581709542105069 0.8265227390305908 0.03164245658477523 0.06822421034428636
5 0.20847248258203677 0.7747370720550333 0.25314434969606614 0.38501987386128267
5 0.6930855118114965 0.8569319469278064 0.06099498746358769 0.1113938569862416
5 0.48287543751745937 0.8392980467424719 0.07531355172849494 0.17433036660488846
5 0.00631321832976479 0.7720833311255261 0.01262643665952958 0.1589583377489479
1 0.3081936862638182 0.8344716814035277 0.08506898495630519 0.13408731252120454
5 0.09145246714263056 0.7998958178786821 0.1503255750854599 0.2846527969121079
5 0.3141027054641481 0.8459721765942042 0.13539925705962902 0.25447422359113003
5 0.41511963618467596 0.8611755359426987 0.13843332884638357 0.25145835099579195
1 0.42431277975818515 0.8670981537287135 0.08534176959604131 0.14346231252120453