5 0.11953125 0.4609375 0.01875 0.04453125
5 0.29765625 0.46171875 0.01640625 0.06015625
5 0.0125 0.46328125 0.01328125 0.0515625
5 0.3109375 0.465625 0.01796875 0.07265625
5 0.0984375 0.4671875 0.01875 0.05078125
5 0.39609375 0.47109375 0.028125 0.0703125
5 0.4734375 0.471875 0.025 0.07421875
5 0.4984375 0.47265625 0.01640625 0.04921875
5 0.59140625 0.47421875 0.01640625 0.06484375
5 0.00546875 0.47421875 0.0109375 0.0515625
5 0.53828125 0.475 0.02265625 0.08203125
5 0.17421875 0.47734375 0.01796875 0.0328125
5 0.3703125 0.478125 0.03046875 0.09921875
5 0.3484375 0.478125 0.0390625 0.0875
5 0.70546875 0.4796875 0.01484375 0.05625
5 0.71953125 0.48046875 0.0125 0.053125
5 0.2375 0.48359375 0.0265625 0.084375
5 0.56953125 0.48515625 0.03828125 0.08984375
5 0.8609375 0.48828125 0.00859375 0.0375
5 0.05 0.49296875 0.0234375 0.0921875
5 0.2078125 0.49375 0.0203125 0.04140625
5 0.1453125 0.50234375 0.028125 0.05
5 0.1203125 0.5046875 0.028125 0.046875
5 0.08984375 0.50546875 0.0234375 0.03984375
5 0.5765625 0.51171875 0.0328125 0.10390625
5 0.9484375 0.51640625 0.0171875 0.028125
5 0.6296875 0.51796875 0.040625 0.16171875
5 0.98359375 0.521875 0.021875 0.034375
5 0.8140625 0.521875 0.01640625 0.03359375
5 0.74453125 0.52421875 0.05546875 0.146875
5 0.6671875 0.52890625 0.03984375 0.16640625
5 0.01484375 0.5296875 0.028125 0.05703125
5 0.30625 0.5296875 0.01953125 0.04453125
5 0.90390625 0.5296875 0.028125 0.046875
5 0.39921875 0.53046875 0.0203125 0.040625
5 0.34375 0.53125 0.021875 0.0390625
5 0.0609375 0.53125 0.034375 0.05234375
5 0.275 0.53203125 0.04453125 0.0984375
5 0.928125 0.53515625 0.025 0.06796875
5 0.85234375 0.5375 0.03515625 0.0875
5 0.53203125 0.5390625 0.0390625 0.06796875
5 0.96015625 0.54296875 0.0171875 0.04453125
5 0.1078125 0.55390625 0.034375 0.05625
5 0.98515625 0.56875 0.0296875 0.071875
5 0.9515625 0.56875 0.040625 0.07421875
5 0.0671875 0.58203125 0.05 0.0859375
5 0.2953125 0.5875 0.04765625 0.08359375
5 0.01484375 0.58984375 0.0296875 0.1109375
5 0.375 0.5921875 0.021875 0.0640625
5 0.69921875 0.59296875 0.0453125 0.15234375
5 0.14296875 0.59375 0.03828125 0.09140625
5 0.3375 0.59453125 0.0515625 0.1
5 0.09921875 0.6109375 0.05 0.0796875
5 0.49140625 0.615625 0.0828125 0.1546875
5 0.60078125 0.6203125 0.0796875 0.1703125
1 0.046875 0.62265625 0.034375 0.03671875
5 0.75859375 0.6328125 0.05078125 0.1171875
5 0.87265625 0.64140625 0.1203125 0.115625
5 0.725 0.6546875 0.05625 0.071875
5 0.246875 0.6546875 0.0515625 0.1015625
5 0.35 0.67578125 0.07734375 0.140625
5 0.709375 0.678125 0.1109375 0.071875
5 0.4796875 0.6828125 0.10234375 0.1421875
5 0.26796875 0.6890625 0.12421875 0.15234375
5 0.0890625 0.69296875 0.06640625 0.16953125
5 0.2140625 0.7 0.0609375 0.0953125
5 0.1609375 0.70546875 0.1203125 0.171875
5 0.02734375 0.725 0.0546875 0.15234375
1 0.0515625 0.846875 0.0609375 0.11875