1 0.1359375 0.6398047695672915 0.05625 0.08255923328249999
5 0.09296875 0.6400236283247569 0.046875 0.1385910277354167
1 0.21875 0.586314787234722 0.0546875 0.11221036569131933
5 0.328125 0.5650190558520831 0.0265625 0.08030574905006951
5 0.05 0.6121174870822221 0.1 0.2976400258355557
5 0.40625 0.5452319262930552 0.01875 0.04887391109416672
5 0.39609375 0.5470308156357289 0.0203125 0.05203527868534721
5 0.37421875 0.5483212119122566 0.021875 0.06457164627652787
5 0.41953125 0.5386728017680206 0.021875 0.05363414627652787
5 0.12421875 0.5861712765011458 0.109375 0.246295731382639
5 0.29140625 0.5486861942448261 0.0453125 0.11199216014423605
5 0.43203125 0.5211943610385761 0.025 0.07401938145888884
5 0.184375 0.5332086242406943 0.125 0.33884690729444455
5 0.3890625 0.49485071979604134 0.04375 0.06664329255305557