5 0.9230845153614926 0.49177262447876213 0.029474668373499213 0.0512371683207995
1 0.9802845524049569 0.5555847214594435 0.03943089519008609 0.07115156203449331
5 0.9954167287415512 0.5793689778695843 0.009166542516897636 0.203163541356329
5 0.8574132837067567 0.5681852671589985 0.06744364718563745 0.1948073858558109
5 0.9039165573842801 0.5773633680686213 0.062467720849043215 0.21639128742738745
5 0.9750814774261333 0.5908865206736552 0.0498370451477335 0.2315454065339754
5 0.43904271530502276 0.5284419470617345 0.038909852532014 0.10621576674922295
5 0.6130640442301005 0.5599210411469319 0.08737671558737148 0.21599318114108107
5 0.7983637783744978 0.6378941455712113 0.11598610495108837 0.3326370256405632
5 0.1261933757860142 0.5613977264263514 0.14301904181102612 0.3151969685684685
5 0.19782545208025598 0.587328833746115 0.11002453128768241 0.31054370181924557
5 0.4883895388978415 0.6265733860606987 0.10341051024099493 0.30400260339082213
5 0.40886863886960667 0.652476606491194 0.1269081943995097 0.35963617328319836
5 0.13919244667740982 0.7310745256405632 0.12557539462538866 0.12271837014004525
5 0.3321975359846569 0.9109985431136571 0.16193709983059082 0.17800291377268565