5 0.3694921140413038 0.14057763392743086 0.09069100405718977 0.18484908510611123
5 0.8143915568171334 0.1720179636182993 0.06605346834337453 0.11555357123840286
5 0.8530409995929628 0.19400271960222293 0.04344208279171582 0.07285692496187508
5 0.26861145251506224 0.17727624050069468 0.03039661201270878 0.04131598423243057
1 0.7303398851446221 0.23331717989895892 0.048565959414921166 0.09796602773541671
5 0.7024467102256999 0.24594381325770892 0.045678512985643495 0.20098192496187509
5 0.878309780842551 0.25472266726552156 0.03970915665497756 0.12743532218833337
5 0.03884786038785576 0.25705008700597226 0.07017968100470677 0.2624649388295833
5 0.1763166327089901 0.30320100123427096 0.14458321184725778 0.49847648043270854
1 0.8166390385498936 0.7929116918668061 0.16055921915415397 0.25051175911805573
5 0.6232756331160272 0.13945611749427136 0.11229326866768634 0.16973323138263902