5 0.76953125 0.29390096793304243 0.021875 0.04881932954530477
5 0.3203125 0.2024660754848197 0.025 0.06449887662320544
5 0.80078125 0.2561651887120492 0.03125 0.09273297077900686
5 0.821875 0.2541896314878788 0.0296875 0.08176819724005649
5 0.8578125 0.25247317288373666 0.03125 0.09117047077900678
5 0.8375 0.24664986687738222 0.0328125 0.08807274431795716
1 0.09375 0.08757391233702042 0.0375 0.058467064934808154
5 0.1625 0.09580519805083536 0.0484375 0.10240797970746054
5 0.2734375 0.10711661931630949 0.0453125 0.11329093262955987
5 0.96015625 0.21597833968498392 0.040625 0.10539661201270886
1 0.99453125 0.2212658575418914 0.0109375 0.05487841477265239
5 0.13515625 0.0656404111192044 0.0546875 0.1275170738632619
5 0.09921875 0.06110686972334659 0.0546875 0.1197045738632619
5 0.98828125 0.19850051338609004 0.0234375 0.1535341030842551
5 0.32265625 0.05485073579324521 0.0671875 0.09961026217486461