5 0.7391021616180798 0.13813959280246466 0.05908731252120454 0.08255923328250003
5 0.2764459049946579 0.19808678220072892 0.042663704353836526 0.10403418977951392
5 0.20387150054815417 0.1974341251906248 0.04406251324684387 0.0993830573706945
5 0.2393278509109739 0.1880221043890623 0.03904763103285873 0.08989895459715283
5 0.31174848793428245 0.17072419519475668 0.030525802902557686 0.06940461664125
5 0.6780828160645835 0.15124814979190948 0.2500843678708328 0.30249629958381896
5 0.16837051016680102 0.1857705797877776 0.06017858656782162 0.11380923328250003
5 0.3832341075343958 0.1354939035916316 0.0749156983633867 0.1781626740119445
5 0.9030679470974423 0.05856707446944408 0.06573910580511537 0.11713414893888816
1 0.5583630823066523 0.0830196009705898 0.08594247840045366 0.13626611474138897
5 0.7854340137949981 0.09552352023288165 0.14475697241000382 0.1910470404657633
5 0.548578854539171 0.10210278818465257 0.13096729092165801 0.20420557636930514
5 0.4428918497298476 0.10960747008038178 0.13609130054030488 0.21921494016076357
1 0.4316914549019907 0.0890903758562149 0.0862698606144388 0.14564111474138897