5 0.11265516242534686 0.4296875 0.024528527735416715 0.046875
5 0.29664830271795106 0.44609375 0.023366071238402775 0.0640625
5 0.005564841613454696 0.421875 0.011129683226909392 0.0546875
5 0.30980226614881906 0.4515625 0.026782011967847286 0.0765625
5 0.09070742724298575 0.4328125 0.024673998100138927 0.053125
5 0.3977743916237843 0.46484375 0.03768314437666671 0.075
5 0.4772800536678815 0.47265625 0.034667247150208344 0.0796875
5 0.5030067522811107 0.475 0.023111498100139016 0.053125
5 0.5980828629384372 0.48515625 0.025037674011944587 0.06875
5 0.0007500550443227468 0.4328125 0.0015001100886454935 0.0546875
5 0.5434862819163885 0.48125 0.033286585106111134 0.0875
5 0.16761476614881907 0.4515625 0.02271145459715278 0.0359375
5 0.37032153885024266 0.46953125 0.04306162860909737 0.1046875
5 0.3477016564414232 0.46796875 0.05061955547083343 0.09375
5 0.7156697532310412 0.5015625 0.021694468464861318 0.059375
5 0.7304771356398607 0.503125 0.01849673328249999 0.05625
5 0.2321857592149649 0.46328125 0.03644795269729171 0.0890625
5 0.5751902235957636 0.4953125 0.050655923062014094 0.0953125
5 0.8752986731589232 0.52421875 0.013409189779513752 0.0390625
5 0.037055097170867676 0.45546875 0.03510365824437508 0.0984375
5 0.1999726712590621 0.47109375 0.02605466014423614 0.0453125
5 0.134274936076701 0.47421875 0.0340853656913195 0.0546875
5 0.108493686076701 0.47421875 0.03397626291777782 0.05
5 0.07728005366788156 0.47265625 0.02914329255305561 0.04375
5 0.5784600407501037 0.52265625 0.046332098973819666 0.1109375
5 0.9619258509705897 0.56171875 0.02100348423243048 0.0296875
5 0.6336560338162496 0.534375 0.06177656743868063 0.1703125
5 0.822227571335312 0.55546875 0.019586454597152782 0.0359375
5 0.7512429241088536 0.55078125 0.07394925911805572 0.15625
5 0.6708105417000343 0.54921875 0.06032317021222226 0.175
5 0.00793521409645814 0.48984375 0.01587042819291628 0.0609375
5 0.2981185773192357 0.5171875 0.026127395326597292 0.0484375
5 0.9148326454235065 0.57109375 0.03557513050895835 0.0515625
5 0.3939941217721524 0.5265625 0.026018292553055565 0.04375
5 0.336290724545694 0.521875 0.02754442496187508 0.0421875
5 0.043922039800173195 0.49609375 0.04037173328250006 0.05625
5 0.264543011114826 0.51640625 0.057160496200277855 0.10625
5 0.9388695574676037 0.57890625 0.03292290919430556 0.071875
5 0.8616349102411454 0.57421875 0.045932055470833434 0.09375
5 0.5302400930868052 0.546875 0.04858427678548623 0.0734375
5 0.9706644181249301 0.5890625 0.022966027735416717 0.046875
5 0.09014242315892318 0.52421875 0.042043336056041714 0.0609375
5 0.9575825366660411 0.6140625 0.04872974715020817 0.0796875
5 0.044248041700034255 0.54921875 0.06155705547083341 0.09375
5 0.28036672644555505 0.575 0.05992182028847228 0.090625
5 0.0059544867978817365 0.553125 0.011908973595763473 0.115625
5 0.3621070357161106 0.5875 0.0297251740119445 0.06875
5 0.6965541176880897 0.61796875 0.06468336189159736 0.1609375
5 0.1219184468102773 0.56875 0.05069229065319454 0.096875
5 0.3230627195117009 0.58671875 0.06500936379145843 0.1078125
5 0.07473432228524257 0.58203125 0.05984908510611118 0.0875
5 0.4792575149145481 0.62265625 0.10389133225631966 0.1671875
5 0.5914120227983328 0.6375 0.10272887575930571 0.184375
1 0.01954388150734351 0.58984375 0.03908776301468702 0.040625
5 0.7532755899526731 0.66484375 0.06700827488562525 0.1265625
5 0.8692454288585065 0.68359375 0.13742987765916653 0.13125
5 0.7153391788585063 0.68359375 0.06591724715020852 0.0796875
5 0.22180803761597168 0.640625 0.065045731382639 0.109375
5 0.3265494357923605 0.671875 0.09575152393569457 0.153125
5 0.6968249149907979 0.70703125 0.12383884992375016 0.084375
5 0.4597067746981939 0.690625 0.12238675911805572 0.15625
5 0.24044828163204804 0.67890625 0.14611519984750015 0.16875
5 0.054038656157082775 0.665625 0.08859364057694459 0.18125
5 0.1832897450629161 0.684375 0.07271276101791675 0.103125
5 0.12778462747173552 0.6859375 0.14502547853284736 0.1890625
5 0.011621952128610854 0.69296875 0.02324390425722171 0.1609375
1 0.01852460913871496 0.821875 0.03704921827742992 0.128125