5 0.5982289584337592 0.2774087905883742 0.17820068169855413 0.24968417451188502
5 0.42556699061684594 0.3586429740287129 0.15279649011264293 0.22115007142762994
5 0.6026482966851463 0.41891049797470037 0.10031634629715871 0.16249209172016937
5 0.17027782912033457 0.5782050462671218 0.30318851810835573 0.6310899074657564
5 0.7879955708224614 0.474340517456461 0.2643888260182415 0.4556262573036006
1 0.3158252759020259 0.567842470375265 0.13178486758448216 0.16616256249917605
5 0.8372689511442921 0.47426265097952525 0.21445452799571285 0.41105805113509036
5 0.9868001495154675 0.4501688116949879 0.026399700969065167 0.26024775324641086
5 0.6816798688449899 0.5199996651829848 0.20151748542106596 0.4045898628234877
5 0.93548616288307 0.4764233944867035 0.12902767423386016 0.23017051542127548
5 0.6008176349365333 0.560521299516828 0.22309755447881638 0.37843646590774294
5 0.48766742491329024 0.5867446546296778 0.24185826215627096 0.44586942775829586
5 0.34479686390131137 0.6353884805215347 0.35843375696049085 0.48379789610167057