5 0.7128930880410436 0.26516698157109264 0.10178177068745367 0.15836577792830414
5 0.5664720740372255 0.24469843057572443 0.041243165340545215 0.05525406603337357
5 0.6041266153723618 0.2560143888526104 0.04927384134309047 0.07441350180902226
5 0.5784817253739527 0.26908427691225134 0.06037497334499946 0.08904921189493056
5 0.8121396573838158 0.3295393407979183 0.10523403469127146 0.18665455223856364
5 0.9110498720559974 0.3650054500247439 0.06886018268618095 0.14727114767057933
1 0.8131390833863612 0.3482483972203534 0.09224313868554432 0.1438119549975257
5 0.8767112347230883 0.36993196743759843 0.06402723201781732 0.13452548620519006
5 0.988945963359317 0.3990695115355617 0.022108073281366103 0.13732958163720577
5 0.9717402820257716 0.39528277024198893 0.056519435948456834 0.1360060990500603
5 0.35240103071290696 0.32236416440606536 0.1401919320496341 0.3727491824962884
5 0.3868942093809523 0.3307188969932108 0.181998718730088 0.4764407485296619
5 0.7521657680617244 0.4155454398479786 0.2854691640674515 0.5115328007682256
5 0.2617851213796797 0.3278948694035909 0.19340783871736136 0.38334584577069997
5 0.525775443387952 0.3750343837642277 0.15254648138127055 0.36090427973732647
5 0.4594146467218156 0.3824208378572422 0.2230055267345424 0.5113823145630356
5 0.6106686113939972 0.41514372738722116 0.21955326273072426 0.48309354025277607