5 0.340625 0.26015625 0.06953125 0.140625
5 0.4890625 0.265625 0.03125 0.046875
5 0.44921875 0.2703125 0.03515625 0.06640625
5 0.471875 0.2875 0.04296875 0.078125
5 0.22890625 0.30625 0.0671875 0.1703125
5 0.1234375 0.3234375 0.0375 0.1390625
1 0.22421875 0.32421875 0.06328125 0.12734375
5 0.15625 0.334375 0.03515625 0.1265625
5 0.01796875 0.33828125 0.03515625 0.13203125
5 0.04921875 0.34140625 0.0421875 0.12734375
5 0.68359375 0.37890625 0.05625 0.36171875
5 0.64765625 0.38125 0.07421875 0.4625
5 0.26953125 0.4 0.178125 0.46875
5 0.771875 0.4 0.1109375 0.35703125
5 0.5015625 0.4 0.071875 0.3453125
5 0.565625 0.41875 0.109375 0.48828125
5 0.409375 0.42421875 0.11328125 0.45859375