5 0.7940471148113651 0.594880174482217 0.08116215471124733 0.13699874203690499
5 0.6611635589951664 0.5925048743551601 0.07303258045771699 0.19877069994353036
1 0.645090444764879 0.5553156874952224 0.04844820767745457 0.0697356473268119
5 0.680399514074731 0.5065750796309494 0.11488086289290518 0.3521533051769673
5 0.8043722456373992 0.44722392448221704 0.12415803788306974 0.19552387357870132
1 0.6464504849937374 0.4579779559110738 0.07527278763096845 0.11953822625188941
5 0.7300113840050017 0.43132517967330175 0.17048600670838923 0.41296897881213823
5 0.28158495566064223 0.5017929292497787 0.1728897408689475 0.4473439788121382
1 0.8268371075218981 0.39300686134215485 0.07657320767745439 0.07137374203690498
5 0.4452757510852807 0.43079164255925007 0.15958208565349707 0.16802049985882556
5 0.6044482913141392 0.3242623795462448 0.17053029333095165 0.23557202090551313
1 0.5041751397049848 0.33399296629324315 0.08605746832111638 0.07348227360693613
5 0.42415985777399967 0.34332173463850746 0.16460807526193671 0.23989549985882572
5 0.1939314083944183 0.3310547659967771 0.13796916560701072 0.2150019156720761
1 0.3295464803021604 0.29436756612383397 0.1050366972858944 0.14461382096198286
1 0.11538542733595328 0.24148330275789281 0.09166261213660051 0.13138577886860806
1 0.07137261942606758 0.24319699217807939 0.14274523885213516 0.2073560156438412