5 0.647372754691577 0.22126222305635626 0.026278276735204997 0.04199007892507769
5 0.7458320340246722 0.20424829928001084 0.02104447351689629 0.03390456314006211
5 0.7648551856338266 0.20143411242007306 0.02260697351689629 0.03399556840173403
5 0.6218646563007313 0.21585438623877073 0.031949122528160775 0.05632559471009326
5 0.223268983152152 0.2734353129283007 0.032167643815484225 0.059450594710093264
5 0.23693264540496806 0.2687401076525114 0.028933383171822414 0.05770608418674961
5 0.8561793081619872 0.1518429070736966 0.052556553470409995 0.08398015785015547
5 0.4693023850134079 0.21010637322576545 0.03740144703379293 0.06753611049510884
5 0.8983503826676195 0.14331704650800062 0.049868596045057244 0.09004814732681177
5 0.1087530150831372 0.26205892619541976 0.06389824505632147 0.11265118942018652
5 0.482184797266224 0.20536566531914024 0.04797831411407198 0.0852696420651399
5 0.4267324727605918 0.2131179811606255 0.049540814114071983 0.08536064732681181
5 0.7748364730126933 0.15965613609759638 0.04786905347041017 0.08370714206513993
5 0.7487274410817081 0.1628420492800109 0.05255655347041035 0.08398015785015547
5 0.7932422655873402 0.15445269660682265 0.052338032183086726 0.08085515785015547
5 0.6196355207831203 0.1804251204537552 0.05422831411407181 0.08563366311182734
5 0.007801974311638367 0.272276818401734 0.015603948623276733 0.05145608418674961
5 0.44295840630073136 0.20543428377734402 0.04754127153942509 0.0790196420651399
5 0.6568677230126934 0.1527852388413718 0.08578395273377595 0.1808397472985769
5 0.7079603294493106 0.14007240721487096 0.09345434110137862 0.20151626834526432
5 0.8289501726443763 0.11495755710193148 0.08584965471124732 0.1372717578219206
5 0.03976198650634667 0.22207939732681176 0.07952397301269334 0.21603379465362355
5 0.7984485716556405 0.09121694923765858 0.07185285668871888 0.09288472099021768
5 0.8964490290809936 0.10320028072298507 0.05710194183801285 0.10447466837349917
5 0.7857900345288753 0.059102399251776 0.08154493094224939 0.031203768345264303