5 0.865625 0.4515625 0.021875 0.046875
1 0.92890625 0.5046875 0.0453125 0.0609375
5 0.96171875 0.52578125 0.03359375 0.18984375
5 0.8046875 0.53125 0.040625 0.17890625
5 0.8484375 0.53515625 0.0328125 0.20078125
5 0.93359375 0.5375 0.0546875 0.21328125
5 0.98671875 0.5375 0.0265625 0.190625
5 0.409375 0.53984375 0.02421875 0.0984375
5 0.5734375 0.55078125 0.0578125 0.19765625
5 0.74921875 0.60390625 0.07109375 0.30703125
5 0.1140625 0.60546875 0.0984375 0.28671875
5 0.18203125 0.62265625 0.0671875 0.28671875
5 0.45703125 0.62734375 0.0625 0.28125
5 0.38203125 0.6609375 0.078125 0.33203125
5 0.128125 0.765625 0.10546875 0.10390625
5 0.31171875 0.91875 0.1328125 0.1625