5 0.7630588496667685 0.5285838226980444 0.045282574854774896 0.10165534190105419
5 0.8412951656302031 0.5676410055115696 0.05807798138875029 0.17547484387822046
5 0.6042125425946739 0.5501829555881192 0.06712334160399784 0.13529551285158128
1 0.07065302584545094 0.49569184338392897 0.02613016046291672 0.05876750494291585
5 0.06591202191650951 0.5110940088972485 0.06607026385373889 0.1461693458553869
5 0.20508583787994422 0.552634204562355 0.07178091645877274 0.2352955128515813
5 0.2893709466474499 0.5708841388587549 0.12410970388616019 0.28733285672980174
5 0.1664963728261323 0.5611987796574953 0.0734547324222075 0.2712330128515813
5 0.13135939350429676 0.5769219387450242 0.11993162613590122 0.2980793557412186
5 0.4648482896991898 0.6552312584401381 0.1538829028099217 0.49128552768032885
1 0.38050967700274274 0.6525744906456408 0.1325044007430071 0.3001511917107738
5 0.6440114048768363 0.7015199625082015 0.12168252481199353 0.40263952174882983
5 0.8096920628585537 0.7262055806067098 0.132983897847523 0.4108976907221905
5 0.7052057700544827 0.7273715607978652 0.2171149569865321 0.5452568784042695
5 0.5481745200544828 0.724092710493854 0.2249274569865321 0.5518145790122919
5 0.9177655045481139 0.747054002508639 0.1644689909037723 0.5058919949827221
5 0.35415269230422364 0.734630315227899 0.2185661410230974 0.530739369544202