1 0.5402457556853382 0.5204532387412238 0.2357228603878557 0.2589408373647258
5 0.8800173676980471 0.48377358812058535 0.052844356330665934 0.07403748400699968
5 0.7925582780064725 0.48041168344204055 0.05117276217486459 0.06776930267345413
5 0.7503980515454228 0.47835828743631337 0.04020798863591431 0.06607953333863606
5 0.9193389663180753 0.4693843714592215 0.0382091120127086 0.04106135200509069
5 0.34383045170757864 0.447059550047725 0.027462526785361253 0.051871582670272434
5 0.32116056493810347 0.4475771707113161 0.029025026785361164 0.05188976400381797
5 0.27120147524652893 0.44465161803786185 0.021239800324311543 0.0533613573360908
5 0.24318556940233033 0.4380743540340439 0.04527731818121907 0.0880090773392725
5 0.07524409294128065 0.43455736067790857 0.09337962743398434 0.15886701734563574
5 0.20343727678865653 0.4321419800286351 0.042179591720169364 0.08953521467218159
5 0.01946524594281022 0.42916987933640893 0.03893049188562044 0.12708975867281785
5 0.5743088843371384 0.4044197060789054 0.31098332791715644 0.72222263470718