5 0.8551917004648623 0.536156993891282 0.029949579953513706 0.049984589448421345
5 0.6717564875916274 0.5568503835373476 0.03260468639013112 0.06570059471009326
5 0.9612449585106339 0.522723096423296 0.016324122528160602 0.055415542093374806
5 0.6578032482352892 0.5544688361823009 0.036603771539424915 0.07838260523343692
5 0.8762143946486635 0.5271838122930161 0.031949122528160956 0.05632559471009326
5 0.5688664343733187 0.5587020388978414 0.04597877153942491 0.07892863680346807
5 0.489812718902194 0.567433025814249 0.04463479282674854 0.08196263154179632
5 0.4637583172930396 0.5698376889966635 0.028714861884499142 0.054581084186749604
5 0.3681344608564223 0.5799568706655167 0.03293246832111638 0.07038809471009326
5 0.42196965504022366 0.5728947995623596 0.043618596045057245 0.08968412628012423
5 0.79630837336134 0.5256675439477518 0.02762225544788155 0.038956084186749604
5 0.5946312588789509 0.5492206230845911 0.05586722376899793 0.1090711631118273
5 0.6176152908099362 0.5458526993788329 0.06291489926336577 0.09858868942018653
5 0.2499636150634667 0.587193976040128 0.02915190445914595 0.06083108418674961
5 0.235791854419805 0.5879374286850814 0.025808383171822415 0.05752407366340595
5 0.7303009611085238 0.5273140729575342 0.04852461733238069 0.0930821420651398
5 0.3895395672930397 0.5655149390672507 0.061570920550689315 0.10162268415851479
5 0.08922285701769503 0.5974426893495994 0.018356516091543363 0.03997255261671846
5 0.9231493788092215 0.49540246225066387 0.047508420550689226 0.10080363680346807
5 0.7602998175451413 0.5133726702984635 0.031293558666190435 0.04695059471009326
5 0.8242202059127438 0.49670038076533735 0.041433383171822415 0.05843412628012441
5 0.8497118788092216 0.49112521495208694 0.041214861884499146 0.05530912628012441
5 0.8806176713838685 0.486649817554688 0.03430929802252862 0.04557010523343692
5 0.37962361791345833 0.5390511496047118 0.060991766343645004 0.11559417889684287
5 0.004243154623633998 0.5779198736492884 0.008486309247267995 0.03252407366340595
5 0.32315509662613484 0.5388999601845252 0.08233117080279087 0.17597023677523324
5 0.13363377471839274 0.5568855787839034 0.024497255447881637 0.038774073663405774
5 0.20492962051134836 0.5469183155591366 0.09395708565349699 0.16419827886860788
5 0.28436574823528915 0.5327185786427291 0.08265895273377603 0.18065773677523325
5 0.9503727965099193 0.45384429380657754 0.03562042574646931 0.06432010523343692
5 0.654579695269082 0.48838880987394173 0.031512079953513704 0.05007559471009326
5 0.0400640911782532 0.5600645157144284 0.041214861884498986 0.05530912628012423
5 0.5605183388324647 0.49859899680446673 0.031184298022528624 0.045388094710093266
5 0.6159706633380969 0.49084668096298145 0.031184298022528624 0.045388094710093266
5 0.9078028842571033 0.45685590174143764 0.047901904459146036 0.0619231473268119
5 0.6879931288092216 0.48170617036905056 0.07003898441265974 0.11145271046687402
5 0.017854863473982855 0.5570004288968429 0.03570972694796571 0.07562162628012441
5 0.09204720825853228 0.5458346867187635 0.05822739926336584 0.09831567363517095
5 0.4219257323958473 0.506215533777344 0.056807010895763274 0.07800317363517095
5 0.8572783603718896 0.4390089781062666 0.04968292574646967 0.06513915258848364
5 0.008900480554261939 0.5257203368175855 0.017800961108523878 0.08581567363517095
5 0.8956742248542788 0.4059458491247191 0.07239915990702742 0.10069722099021768
5 0.6604033603718897 0.42754231513561364 0.07061813861970415 0.09748121572854593
5 0.944477711612727 0.3923152596057105 0.04871028763096845 0.11799113680346807
5 0.5776619161880884 0.4329207888978416 0.03761996832111621 0.07066111049510884
5 0.24404103301626598 0.46996867868508135 0.08480060694082044 0.1667772472985769
5 0.816658714210617 0.40291258341029074 0.061570920550689225 0.10162268415851479
5 0.6165987300500588 0.42577541780880185 0.0780700056999832 0.11503273677523325
5 0.8598677648310357 0.37954297284459476 0.0718528566887187 0.09288472099021768
5 0.45522418747541193 0.4226518758566014 0.12451867080279086 0.17842737884037305
5 0.3425220916824563 0.43020749964706423 0.12561127723940818 0.19405237884037305
1 0.9129052835204691 0.36145239647976574 0.04368429802252862 0.046116136803468065
5 0.17892948524583896 0.4363679524331919 0.08083437278026225 0.13231124203690497
5 0.06880249936974614 0.44204255780780316 0.13760499873949228 0.14743498407381014
5 0.2113102965099193 0.4107988050357929 0.07610331411407198 0.08690773677523325
5 0.7033117622331456 0.35238269141573797 0.07817926634364483 0.11659523677523324
5 0.5941552835204691 0.3428873230987085 0.11405106436617345 0.162256347270342
5 0.22488647745216878 0.38491884449833175 0.13311813861970415 0.10112142619541978
5 0.45941429676202084 0.35151262322576543 0.14105060694082033 0.17005343671876344
5 0.6773719751063803 0.3194945967056447 0.16547145273377611 0.1854810156438412
5 0.8610803395887693 0.2948949570595792 0.11133025595208465 0.19010833148532652
5 0.7319173634739828 0.3022762756024876 0.08566398441265974 0.11236276308359247
5 0.7860803395887693 0.2905267044993304 0.1668918411013788 0.2057935156438412
5 0.9171553769676362 0.255801635956422 0.0848006069408207 0.1667772472985769
1 0.8827089571732515 0.13142399126044618 0.09199039406758587 0.136073278868608