5 0.37265625 0.8874988364984457 0.0921875 0.19233134215265507
5 0.82421875 0.882257974330944 0.06875 0.11922803482570928
5 0.8625 0.861607959631623 0.04375 0.07729284034363318
5 0.26953125 0.8453755342598821 0.03125 0.04382524310259513
1 0.7375 0.815213237221243 0.0484375 0.10253850180902227
5 0.70859375 0.7996358248513424 0.046875 0.2071441146538925
5 0.8875 0.801199404113699 0.040625 0.13181656603337366
5 0.0359375 0.7495396545679842 0.0640625 0.2689823733603198
5 0.171875 0.7113513370642728 0.1484375 0.5124667797373265
1 0.8046875 0.25076563489182224 0.1625 0.2616412641334942
5 0.63203125 0.9034358542499845 0.1140625 0.17629026232447204