5 0.26640625 0.75546875 0.0140625 0.0453125
5 0.71796875 0.76640625 0.01484375 0.06171875
5 0.2421875 0.79609375 0.0171875 0.08984375
5 0.221875 0.80234375 0.01640625 0.078125
5 0.18671875 0.81015625 0.01640625 0.08828125
5 0.2078125 0.81171875 0.01953125 0.08515625
1 0.95625 0.83984375 0.028125 0.053125
5 0.88828125 0.84375 0.034375 0.0953125
5 0.77890625 0.8515625 0.02734375 0.10859375
5 0.09296875 0.86328125 0.02421875 0.1
1 0.05 0.865625 0.021875 0.0515625
5 0.9203125 0.86875 0.03515625 0.1234375
5 0.95625 0.87109375 0.03515625 0.121875
5 0.0546875 0.8875 0.0296875 0.1484375
5 0.0296875 0.90625 0.03984375 0.1515625
5 0.7390625 0.91328125 0.0515625 0.096875