5 0.21894819786697212 0.47226143218006966 0.05074268119435103 0.10101829255305557
5 0.13689516853387693 0.49304475123427094 0.06670617080279087 0.1731478656913195
5 0.36590532533881137 0.5304584047289934 0.07324039406758578 0.13274107123840279
1 0.8829018012014963 0.601180746387709 0.030605143815484227 0.05843074905006951
5 0.9352073463740332 0.6141359944878481 0.05758254307884982 0.1542160277354167
5 0.8840983144430481 0.61764154777448 0.07244271857321785 0.1436422036472223
5 0.7442163596155851 0.6261235821594104 0.08324881461827509 0.2312513064207639
5 0.660622609615585 0.6241779160312506 0.13685441585911223 0.2839775693385418
5 0.779006622857137 0.6433662867565632 0.0872150487788332 0.2656626740119446
5 0.8094535935240417 0.6667680723757646 0.1343849797210826 0.29327983415618064
5 0.4777665509493948 0.6653081430454865 0.17874625696049087 0.4815071859797918
1 0.5571426945127774 0.6828060739912851 0.14710350100840622 0.29669577488562526
5 0.29914987805291693 0.668193487650903 0.14148692155909542 0.39484233415618064
5 0.13579757223671823 0.6542186405769446 0.1530799854210659 0.4044719072944446
5 0.23028526357052792 0.7018041150257295 0.24667643815484191 0.5829255220358334
5 0.3819898752029253 0.7194072294827779 0.25383337429287156 0.5611855410344442
5 0.05950676793312879 0.6806155267854861 0.11901353586625758 0.5643560535709723
5 0.5664687820078598 0.7536569025447919 0.24154118790274043 0.4926861949104161