5 0.8466819530684763 0.4441290917267599 0.027821163111827474 0.048873876623205345
1 0.9066415110174539 0.5000557633992712 0.052168715728545936 0.06490797970746058
5 0.9389611873540481 0.5213443823118389 0.05200065770898092 0.19602161201270896
5 0.777196934723212 0.524948443593199 0.05926712613895013 0.18678297970746058
5 0.8214096663073607 0.5296398977331144 0.0542911998023559 0.20854888555165907
5 0.9085911478915092 0.5335813295518953 0.07698524715740263 0.22299321509696385
5 0.9569376426298373 0.5342983498444348 0.03334166297065302 0.19725682954530477
5 0.3712654531390635 0.5265708137202875 0.03404034200867016 0.10205342370110611
5 0.5390143952606732 0.5408127715136508 0.07910918927901225 0.20586026217486458
5 0.7135901900554711 0.598641088073312 0.10294007338105722 0.3202227711033185
5 0.06409863178885132 0.5881391538156038 0.12819726357770264 0.29883869480442443
5 0.13164994531714294 0.6072379813323137 0.09688749445597948 0.29670345048646746
5 0.4119898927004244 0.6179537443212524 0.09036447867096395 0.29190685633066593
5 0.33209029009782337 0.6497861712687694 0.11220865756780682 0.3453591387980701
5 0.06146770598166097 0.7536277861208521 0.11896137357870129 0.11290119480442443
5 0.23656016929113238 0.9097845085247119 0.14999854195220044 0.1633921185055307