1 0.4732050424004826 0.5109606699446739 0.25939709068231737 0.281606283355371
5 0.14292772218323754 0.5567590123244719 0.06018058344622812 0.07794793758467122
5 0.23026394787297805 0.558219693011738 0.05837242198083885 0.07317855042954129
5 0.2723695607178483 0.5588681462002413 0.047353034825709094 0.07104284034363317
5 0.10715067446722967 0.5728034141789227 0.042835953188503285 0.04431656603337366
5 0.6777564235627185 0.5785553629564119 0.03247166327441153 0.05468085594746519
5 0.7002898428300239 0.5773989767057934 0.034034163274411534 0.05476274310259512
5 0.749467649252459 0.5791971720923804 0.026221663274411534 0.05435330732694617
5 0.7770161171402833 0.584536447307151 0.054667567842395924 0.09168288896415219
5 0.94289010063194 0.5831011793284697 0.11016065128862387 0.169385165083434
5 0.8169826978729781 0.5889683197629598 0.05170634215265544 0.09464411465389269
5 0.9857615168470277 0.5861719476458355 0.02847696630594463 0.1324716632744117
5 0.45595002261277884 0.6261436377767275 0.3821550757558537 0.747712724446545