5 0.64921875 0.60234375 0.0375 0.0265625
1 0.86796875 0.62421875 0.02734375 0.02421875
1 0.696875 0.625 0.0234375 0.02734375
5 0.5140625 0.62578125 0.040625 0.08671875
5 0.9578125 0.6296875 0.04296875 0.04765625
5 0.5671875 0.63046875 0.040625 0.0734375
5 0.65078125 0.6359375 0.04140625 0.053125
5 0.6984375 0.6375 0.0453125 0.06953125
5 0.8734375 0.6375 0.0390625 0.06953125
5 0.73046875 0.64765625 0.03359375 0.0515625
5 0.784375 0.6546875 0.02734375 0.0359375
5 0.61875 0.825 0.08984375 0.0359375
5 0.67734375 0.83515625 0.03125 0.02265625
5 0.8796875 0.83984375 0.046875 0.03203125
5 0.91015625 0.8421875 0.025 0.025
5 0.97578125 0.86484375 0.0484375 0.1140625
5 0.09921875 0.90078125 0.1953125 0.1984375