5 0.178125 0.321875 0.05859375 0.12734375
5 0.309375 0.3453125 0.0390625 0.19296875
1 0.32421875 0.3859375 0.0375 0.0640625
5 0.2875 0.42890625 0.05546875 0.3421875
5 0.1625 0.46875 0.09296875 0.1796875
1 0.31953125 0.48359375 0.05546875 0.1109375
5 0.2359375 0.496875 0.1015625 0.396875
5 0.6828125 0.4984375 0.09765625 0.43125
1 0.13828125 0.51953125 0.065625 0.06015625
5 0.51796875 0.54375 0.13359375 0.146875
5 0.35625 0.625 0.1328125 0.21328125
1 0.45625 0.63125 0.075 0.06171875
5 0.5359375 0.63515625 0.1265625 0.21875
5 0.7640625 0.68515625 0.103125 0.19765625
1 0.628125 0.7 0.08203125 0.13125
1 0.8390625 0.7875 0.0703125 0.1203125
1 0.90546875 0.79609375 0.1578125 0.18359375