5 0.6310407325765951 0.5485335385659023 0.04439035009228505 0.03535692496187508
1 0.8534058883444061 0.5113744582094437 0.03481509099298634 0.03201371941479181
1 0.6826835757290498 0.5582527242613535 0.031790220542635694 0.03350348423243048
5 0.5009236335640441 0.6069480634515273 0.06704540252860873 0.09673083605604163
5 0.9412260633905486 0.49216855689892275 0.055267293337024626 0.05901263050895835
5 0.5545492813122908 0.5978990653513885 0.06301923658176474 0.08259560087368065
5 0.6390942620339594 0.5811096492232286 0.05713018198597268 0.06373649810013901
5 0.6866701688815046 0.5690811214878119 0.06760660703211538 0.08114220364722229
5 0.860517481496861 0.5221301202535409 0.06125647748246621 0.07943423328249999
5 0.7201137245570306 0.5706429682774299 0.04911742288667433 0.06042966014423605
5 0.7752017427556279 0.5631201025861104 0.038640997840531634 0.04302395459715278
5 0.6415720126522683 0.7737329071070134 0.10047966378737563 0.0585047906531944
5 0.7020286513012162 0.7676452548465619 0.03783996144333699 0.03052395459715278
5 0.9041010934662218 0.718477136971041 0.05582849784053181 0.043423998100139014
5 0.9348702321151698 0.71308046894302 0.033252590992986344 0.031977351823611146
5 0.1431974645348813 0.9304284631465276 0.23956075262089366 0.13506990349472262