5 0.32070013250572865 0.6152435758951521 0.039717116641249994 0.02880683847375849
1 0.09419153068211752 0.6504346022734762 0.030305749050069462 0.027080697240056396
1 0.27244381725124944 0.6418566688331374 0.025690984232430568 0.03012387662320535
5 0.462451221411562 0.6315116838506711 0.047458187879652766 0.09297843262956
5 0.012929878990346958 0.65976078368522 0.025859757980693916 0.05218979139585791
5 0.40758188345565916 0.640278757713933 0.04709451196784738 0.07735343262955982
5 0.31990004549975637 0.649618575895152 0.04662173328250008 0.05704093262955982
5 0.270590376521805 0.6543839423720879 0.05170927678548622 0.07431025324641087
5 0.08841365615708277 0.6638113096598024 0.04545927678548618 0.07420115909060954
5 0.2375051195879508 0.6666754366900449 0.038772865691319505 0.05534206493480802
5 0.18181816404086748 0.677018647322782 0.03059668977951393 0.039580697240056396
5 0.3559790966021868 0.8442219638824433 0.0946955573706945 0.04226141233702023
5 0.2947324720771521 0.8585668819015065 0.033394381458888844 0.02557274431795733
5 0.08430346514329787 0.8739539228903273 0.05080008700597225 0.0352477532464107
5 0.05376197996093677 0.8776107568998588 0.027217116641250018 0.028588650162155817
5 0.006950349687864228 0.90507328368522 0.013900699375728456 0.11913182954530477
5 0.8853750026623605 0.8810563474088028 0.19179137575930555 0.18764782467404081