1 0.44921875 0.4828125 0.225 0.25078125
5 0.1109375 0.5171875 0.05078125 0.07109375
5 0.1984375 0.52109375 0.04921875 0.065625
5 0.240625 0.5234375 0.03828125 0.065625
5 0.07265625 0.53125 0.0375 0.03984375
5 0.64453125 0.55703125 0.02578125 0.0515625
5 0.6671875 0.55703125 0.0265625 0.0515625
5 0.71640625 0.56015625 0.01953125 0.05234375
5 0.74375 0.5671875 0.0421875 0.0859375
5 0.91015625 0.57109375 0.0875 0.15625
5 0.7828125 0.57265625 0.0390625 0.0890625
5 0.97421875 0.5765625 0.0515625 0.125
5 0.415625 0.5984375 0.28359375 0.71015625